3122
3122
3100
3100
3100
3100
3100
3100
3130
3130
3130
3130
3130
3128
3128
3128
3128
3128
3118
3118
3118
3118
3118
3118
3090
3090
3090
3090
3090
3090
3090
3090
3090
3090
3103
3103
3103
3103
3103
3103
3089
3089
3089
3089
3089
3111
3111
3111
3111
3111
3096
3096
3096
3096
3096
3096
3087
3087
3087
3087
3087
3062
3062
3062
3062
3062
3120
3120
3120
3120
3120
3120
3114
3114
3114
3114
3114
3112
3112
3112
3112
3112
3127
3127
3127
3127
3127
3127
3126
3126
3126
3126
3126
3111
3111
3111
3111
3111
3144
3144
3144
3144
3144
3144
3074
3074
3074
3074
3074
3070
3070
3070
3070
3070
3094
3094
3094
3094
3094
3094
3075
3075
3075
3075
3075
3123
3123
3123
3123
3123
3127
3127
3127
3127
3127
3127
3108
3108
3108
3108
3108
3116
3116
3116
3116
3116
3114
3114
3114
3114
3114
3114
3103
3103
3103
3103
3103
3089
3089
3089
3089
3089
3154
3154
3154
3154
3154
3154
3102
3102
3102
3102
3102
3130
3130
3130
3130
3130
3126
3126
3126
3126
3126
3126
3126
3126
3126
3126
3126
3142
3142
3142
3142
3142
3110
3110
3110
3110
3110
3110
3140
3140
3140
3140
3140
3103
3103
3103
3103
3103
3123
3123
3123
3123
3123
3123
3115
3115
3115
3115
3115
3099
3099
3099
3099
3099
3127
3127
3127
3127
3127
3127
3111
3111
3111
3111
3111
3139
3139
3139
3139
3139
3124
3124
3124
3124
3124
3124
3132
3132
3132
3132
3132
3122
3122
3122
3122
3122
3107
3107
3107
3107
3107
3107
3115
3115
3115
3115
3115
3096
3096
3096
3096
3096
3114
3114
3114
3114
3114
3114
3157
3157
3157
3157
3157
3121
3121
3121
3121
3121
3204
3204
3204
3204
3204
3204
3170
3170
3170
3170
3170
3155
3155
3155
3155
3155
3175
3175
3175
3175
3175
3175
3167
3167
3167
3167
3167
3146
3146
3146
3146
3146
3136
3136
3136
3136
3136
3136
3143
3143
3143
3143
3143
3086
3086
3086
3086
3086
3110
3110
3110
3110
3110
3110
3034
3034
3034
3034
3034
3035
3035
3035
3035
3035
3060
3060
3060
3060
3060
3060
3099
3099
3099
3099
3099
3104
3104
3104
3104
3104
3104
3104
3104
3104
3104
3104
3151
3151
3151
3151
3151
3175
3175
3175
3175
3175
3167
3167
3167
3167
3167
3167
3181
3181
3181
3181
3181
3134
3134
3134
3134
3134
3168
3168
3168
3168
3168
3168
3127
3127
3127
3127
3127
3122
3122
3122
3122
3122
3086
3086
3086
3086
3086
3086
3068
3068
3068
3068
3068
3054
3054
3054
3054
3054
3060
3060
3060
3060
3060
3060
3066
3066
3066
3066
3066
3057
3057
3057
3057
3057
3035
3035
3035
3035
3035
3035
3039
3039
3039
3039
3039
2997
2997
2997
2997
2997
2987
2987
2987
2987
2987
2987
2959
2959
2959
2959
2959
2936
2936
2936
2936
2936
2913
2913
2913
2913
2913
2913
2888
2888
2888
2888
2888
2846
2846
2846
2846
2846
2810
2810
2810
2810
2810
2810
2706
2706
2706
2706
2706
2593
2593
2593
2593
2593
2482
2482
2482
2482
2482
2482
2351
2351
2351
2351
2351
2304
2304
2304
2304
2304
2315
2315
2315
2315
2315
2315
2405
2405
2405
2405
2405
2687
2687
2687
2687
2687
3161
3161
3161
3161
3161
3161
3721
3721
3721
3721
3721
4095
4095
4095
4095
4095
4095
4095
4095
4095
4095
4095
4095
4095
4095
4095
4095
4095
4095
4095
4095
4095
4095
4095
4095
4095
4095
4095
4095
4095
4095
4095
4095
4095
4095
4095
4095
4095
4095
4095
4095
4095
4095
4095
4095
4095
4095
4095
4095
4095
4095
4095
4095
4095
4095
4095
4095
4095
4095
4095
3435
3435
3435
3435
3435
2710
2710
2710
2710
2710
2044
2044
2044
2044
2044
2044
1442
1442
1442
1442
1442
1115
1115
1115
1115
1115
982
982
982
982
982
982
913
913
913
913
913
899
899
899
899
899
885
885
885
885
885
885
896
896
896
896
896
929
929
929
929
929
1005
1005
1005
1005
1005
1005
1200
1200
1200
1200
1200
1861
1861
1861
1861
1861
2702
2702
2702
2702
2702
2702
3725
3725
3725
3725
3725
4095
4095
4095
4095
4095
4095
4095
4095
4095
4095
4095
4095
4095
4095
4095
4095
4095
4095
4095
4095
4095
4095
4095
4095
4095
4095
4095
4095
4095
4095
4095
4095
4095
4095
4095
4095
4095
4095
4095
4095
4095
4095
4095
4095
4095
4095
4095
4095
4095
4095
4095
4095
4095
4095
4095
4095
4095
4095
4095
3473
3473
3473
3473
3473
3054
3054
3054
3054
3054
2800
2800
2800
2800
2800
2800
2722
2722
2722
2722
2722
2846
2846
2846
2846
2846
3114
3114
3114
3114
3114
3114
3523
3523
3523
3523
3523
3939
3939
3939
3939
3939
4095
4095
4095
4095
4095
4095
4095
4095
4095
4095
4095
4095
4095
4095
4095
4095
4095
4095
4095
4095
4095
4095
4019
4019
4019
4019
4019
3349
3349
3349
3349
3349
2563
2563
2563
2563
2563
2563
1786
1786
1786
1786
1786
1247
1247
1247
1247
1247
1051
1051
1051
1051
1051
1051
987
987
987
987
987
952
952
952
952
952
954
954
954
954
954
954
994
994
994
994
994
1097
1097
1097
1097
1097
1320
1320
1320
1320
1320
1320
1731
1731
1731
1731
1731
2378
2378
2378
2378
2378
3054
3054
3054
3054
3054
3054
3734
3734
3734
3734
3734
4095
4095
4095
4095
4095
4095
4095
4095
4095
4095
4095
4095
4095
4095
4095
4095
4095
4095
4095
4095
4095
4095
4095
4095
4095
4095
4095
4095
4095
4095
4095
4095
4095
4095
4095
4095
4095
4095
4095
4095
4095
4095
4095
4095
4095
4095
4095
4095
4095
4095
4095
4095
4095
4095
4095
4095
4095
4095
4095
4095
4095
4095
4095
4095
4095
4095
4095
4095
4095
4095
4095
4095
4095
4095
4095
4095
4095
4095
4095
4095
4095
4095
4095
4095
4095
3966
3966
3966
3966
3966
3966
3703
3703
3703
3703
3703
3477
3477
3477
3477
3477
3331
3331
3331
3331
3331
3331
3176
3176
3176
3176
3176
3064
3064
3064
3064
3064
3089
3089
3089
3089
3089
3089
3100
3100
3100
3100
3100
3098
3098
3098
3098
3098
3095
3095
3095
3095
3095
3095
2986
2986
2986
2986
2986
2886
2886
2886
2886
2886
2728
2728
2728
2728
2728
2728
2508
2508
2508
2508
2508
2257
2257
2257
2257
2257
2077
2077
2077
2077
2077
2077
1891
1891
1891
1891
1891
1834
1834
1834
1834
1834
1807
1807
1807
1807
1807
1807
1817
1817
1817
1817
1817
1880
1880
1880
1880
1880
1979
1979
1979
1979
1979
1979
2158
2158
2158
2158
2158
2400
2400
2400
2400
2400
2608
2608
2608
2608
2608
2608
2860
2860
2860
2860
2860
3096
3096
3096
3096
3096
3390
3390
3390
3390
3390
3390
3610
3610
3610
3610
3610
3854
3854
3854
3854
3854
4044
4044
4044
4044
4044
4044
4095
4095
4095
4095
4095
4095
4095
4095
4095
4095
4095
4095
4095
4095
4095
4095
4095
4095
4095
4095
4095
4095
4095
4095
4095
4095
4095
4095
4095
4095
4095
4095
4001
4001
4001
4001
4001
3916
3916
3916
3916
3916
3876
3876
3876
3876
3876
3876
3851
3851
3851
3851
3851
3801
3801
3801
3801
3801
3815
3815
3815
3815
3815
3815
3766
3766
3766
3766
3766
3638
3638
3638
3638
3638
3508
3508
3508
3508
3508
3508
3403
3403
3403
3403
3403
3338
3338
3338
3338
3338
3258
3258
3258
3258
3258
3258
3161
3161
3161
3161
3161
3119
3119
3119
3119
3119
3118
3118
3118
3118
3118
3118
3085
3085
3085
3085
3085
3087
3087
3087
3087
3087
3058
3058
3058
3058
3058
3058
3030
3030
3030
3030
3030
2959
2959
2959
2959
2959
2879
2879
2879
2879
2879
2879
2886
2886
2886
2886
2886
2828
2828
2828
2828
2828
2846
2846
2846
2846
2846
2846
2833
2833
2833
2833
2833
2802
2802
2802
2802
2802
2789
2789
2789
2789
2789
2789
2766
2766
2766
2766
2766
2700
2700
2700
2700
2700
2694
2694
2694
2694
2694
2694
2672
2672
2672
2672
2672
2699
2699
2699
2699
2699
2740
2740
2740
2740
2740
2740
2864
2864
2864
2864
2864
3033
3033
3033
3033
3033
3152
3152
3152
3152
3152
3152
3348
3348
3348
3348
3348
3473
3473
3473
3473
3473
3581
3581
3581
3581
3581
3581
3623
3623
3623
3623
3623
3617
3617
3617
3617
3617
3616
3616
3616
3616
3616
3616
3555
3555
3555
3555
3555
3473
3473
3473
3473
3473
3473
3473
3473
3473
3473
3473
3500
3500
3500
3500
3500
3482
3482
3482
3482
3482
3532
3532
3532
3532
3532
3532
3587
3587
3587
3587
3587
3676
3676
3676
3676
3676
3674
3674
3674
3674
3674
3674
3716
3716
3716
3716
3716
3693
3693
3693
3693
3693
3671
3671
3671
3671
3671
3671
3612
3612
3612
3612
3612
3582
3582
3582
3582
3582
3546
3546
3546
3546
3546
3546
3436
3436
3436
3436
3436
3378
3378
3378
3378
3378
3314
3314
3314
3314
3314
3314
3273
3273
3273
3273
3273
3224
3224
3224
3224
3224
3171
3171
3171
3171
3171
3171
3066
3066
3066
3066
3066
2997
2997
2997
2997
2997
2936
2936
2936
2936
2936
2936
2939
2939
2939
2939
2939
2859
2859
2859
2859
2859
2804
2804
2804
2804
2804
2804
2811
2811
2811
2811
2811
2781
2781
2781
2781
2781
2819
2819
2819
2819
2819
2819
2839
2839
2839
2839
2839
2927
2927
2927
2927
2927
2985
2985
2985
2985
2985
2985
3057
3057
3057
3057
3057
3123
3123
3123
3123
3123
3215
3215
3215
3215
3215
3215
3262
3262
3262
3262
3262
3317
3317
3317
3317
3317
3335
3335
3335
3335
3335
3335
3327
3327
3327
3327
3327
3365
3365
3365
3365
3365
3376
3376
3376
3376
3376
3376
3374
3374
3374
3374
3374
3415
3415
3415
3415
3415
3390
3390
3390
3390
3390
3390
3388
3388
3388
3388
3388
3365
3365
3365
3365
3365
3317
3317
3317
3317
3317
3317
3328
3328
3328
3328
3328
3218
3218
3218
3218
3218
3257
3257
3257
3257
3257
3257
3177
3177
3177
3177
3177
3204
3204
3204
3204
3204
3292
3292
3292
3292
3292
3292
3351
3351
3351
3351
3351
3381
3381
3381
3381
3381
3461
3461
3461
3461
3461
3461
3472
3472
3472
3472
3472
3496
3496
3496
3496
3496
3475
3475
3475
3475
3475
3475
3448
3448
3448
3448
3448
3396
3396
3396
3396
3396
3322
3322
3322
3322
3322
3322
3305
3305
3305
3305
3305
3244
3244
3244
3244
3244
3215
3215
3215
3215
3215
3215
3190
3190
3190
3190
3190
3177
3177
3177
3177
3177
3202
3202
3202
3202
3202
3202
3218
3218
3218
3218
3218
3229
3229
3229
3229
3229
3232
3232
3232
3232
3232
3232
3266
3266
3266
3266
3266
3259
3259
3259
3259
3259
3194
3194
3194
3194
3194
3194
3151
3151
3151
3151
3151
3113
3113
3113
3113
3113
3100
3100
3100
3100
3100
3100
3110
3110
3110
3110
3110
3097
3097
3097
3097
3097
3083
3083
3083
3083
3083
3083
3052
3052
3052
3052
3052
3098
3098
3098
3098
3098
3069
3069
3069
3069
3069
3069
3144
3144
3144
3144
3144
3222
3222
3222
3222
3222
3207
3207
3207
3207
3207
3207
3274
3274
3274
3274
3274
3247
3247
3247
3247
3247
3261
3261
3261
3261
3261
3261
3317
3317
3317
3317
3317
3331
3331
3331
3331
3331
3321
3321
3321
3321
3321
3321
3326
3326
3326
3326
3326
3348
3348
3348
3348
3348
3380
3380
3380
3380
3380
3380
3358
3358
3358
3358
3358
3378
3378
3378
3378
3378
3345
3345
3345
3345
3345
3345
3343
3343
3343
3343
3343
3288
3288
3288
3288
3288
3313
3313
3313
3313
3313
3313
3231
3231
3231
3231
3231
3210
3210
3210
3210
3210
3195
3195
3195
3195
3195
3195
3205
3205
3205
3205
3205
3164
3164
3164
3164
3164
3191
3191
3191
3191
3191
3191
3219
3219
3219
3219
3219
3253
3253
3253
3253
3253
3315
3315
3315
3315
3315
3315
3326
3326
3326
3326
3326
3348
3348
3348
3348
3348
3379
3379
3379
3379
3379
3379
3380
3380
3380
3380
3380
3309
3309
3309
3309
3309
3260
3260
3260
3260
3260
3260
3206
3206
3206
3206
3206
3186
3186
3186
3186
3186
3174
3174
3174
3174
3174
3174
3147
3147
3147
3147
3147
3125
3125
3125
3125
3125
3136
3136
3136
3136
3136
3136
3135
3135
3135
3135
3135
3146
3146
3146
3146
3146
3200
3200
3200
3200
3200
3200
3191
3191
3191
3191
3191
3227
3227
3227
3227
3227
3249
3249
3249
3249
3249
3249
3235
3235
3235
3235
3235
3240
3240
3240
3240
3240
3247
3247
3247
3247
3247
3247
3255
3255
3255
3255
3255
3230
3230
3230
3230
3230
3214
3214
3214
3214
3214
3214
3226
3226
3226
3226
3226
3181
3181
3181
3181
3181
3176
3176
3176
3176
3176
3176
3178
3178
3178
3178
3178
3217
3217
3217
3217
3217
3216
3216
3216
3216
3216
3216
3230
3230
3230
3230
3230
3247
3247
3247
3247
3247
3307
3307
3307
3307
3307
3307
3249
3249
3249
3249
3249
3299
3299
3299
3299
3299
3292
3292
3292
3292
3292
3292
3273
3273
3273
3273
3273
3297
3297
3297
3297
3297
3324
3324
3324
3324
3324
3324
3347
3347
3347
3347
3347
3362
3362
3362
3362
3362
3369
3369
3369
3369
3369
3369
3360
3360
3360
3360
3360
3352
3352
3352
3352
3352
3310
3310
3310
3310
3310
3310
3297
3297
3297
3297
3297
3239
3239
3239
3239
3239
3212
3212
3212
3212
3212
3212
3188
3188
3188
3188
3188
3188
3188
3188
3188
3188
3179
3179
3179
3179
3179
3179
3201
3201
3201
3201
3201
3210
3210
3210
3210
3210
3192
3192
3192
3192
3192
3192
3275
3275
3275
3275
3275
3269
3269
3269
3269
3269
3242
3242
3242
3242
3242
3242
3223
3223
3223
3223
3223
3247
3247
3247
3247
3247
3230
3230
3230
3230
3230
3230
3196
3196
3196
3196
3196
3209
3209
3209
3209
3209
3204
3204
3204
3204
3204
3204
3195
3195
3195
3195
3195
3185
3185
3185
3185
3185
3235
3235
3235
3235
3235
3235
3257
3257
3257
3257
3257
3225
3225
3225
3225
3225
3248
3248
3248
3248
3248
3248
3240
3240
3240
3240
3240
3186
3186
3186
3186
3186
3166
3166
3166
3166
3166
3166
3195
3195
3195
3195
3195
3198
3198
3198
3198
3198
3233
3233
3233
3233
3233
3233
3297
3297
3297
3297
3297
3274
3274
3274
3274
3274
3301
3301
3301
3301
3301
3301
3264
3264
3264
3264
3264
3290
3290
3290
3290
3290
3303
3303
3303
3303
3303
3303
3342
3342
3342
3342
3342
3264
3264
3264
3264
3264
3298
3298
3298
3298
3298
3298
3225
3225
3225
3225
3225
3273
3273
3273
3273
3273
3235
3235
3235
3235
3235
3235
3240
3240
3240
3240
3240
3243
3243
3243
3243
3243
3276
3276
3276
3276
3276
3276
3255
3255
3255
3255
3255
3265
3265
3265
3265
3265
3253
3253
3253
3253
3253
3253
3297
3297
3297
3297
3297
3265
3265
3265
3265
3265
3241
3241
3241
3241
3241
3241
3198
3198
3198
3198
3198
3224
3224
3224
3224
3224
3220
3220
3220
3220
3220
3220
3210
3210
3210
3210
3210
3187
3187
3187
3187
3187
3207
3207
3207
3207
3207
3207
3222
3222
3222
3222
3222
3259
3259
3259
3259
3259
3236
3236
3236
3236
3236
3236
3207
3207
3207
3207
3207
3232
3232
3232
3232
3232
3155
3155
3155
3155
3155
3155
3182
3182
3182
3182
3182
3192
3192
3192
3192
3192
3181
3181
3181
3181
3181
3181
3214
3214
3214
3214
3214
3231
3231
3231
3231
3231
3268
3268
3268
3268
3268
3268
3337
3337
3337
3337
3337
3352
3352
3352
3352
3352
3390
3390
3390
3390
3390
3390
3368
3368
3368
3368
3368
3380
3380
3380
3380
3380
3306
3306
3306
3306
3306
3306
3262
3262
3262
3262
3262
3207
3207
3207
3207
3207
3175
3175
3175
3175
3175
3175
3104
3104
3104
3104
3104
3120
3120
3120
3120
3120
3094
3094
3094
3094
3094
3094
3135
3135
3135
3135
3135
3170
3170
3170
3170
3170
3200
3200
3200
3200
3200
3200
3282
3282
3282
3282
3282
3322
3322
3322
3322
3322
3338
3338
3338
3338
3338
3338
3289
3289
3289
3289
3289
3361
3361
3361
3361
3361
3328
3328
3328
3328
3328
3328
3311
3311
3311
3311
3311
3274
3274
3274
3274
3274
3232
3232
3232
3232
3232
3232
3268
3268
3268
3268
3268
3224
3224
3224
3224
3224
3243
3243
3243
3243
3243
3243
3231
3231
3231
3231
3231
3278
3278
3278
3278
3278
3289
3289
3289
3289
3289
3289
3267
3267
3267
3267
3267
3323
3323
3323
3323
3323
3250
3250
3250
3250
3250
3250
3275
3275
3275
3275
3275
3297
3297
3297
3297
3297
3256
3256
3256
3256
3256
3256
3244
3244
3244
3244
3244
3147
3147
3147
3147
3147
3140
3140
3140
3140
3140
3140
3170
3170
3170
3170
3170
3112
3112
3112
3112
3112
3114
3114
3114
3114
3114
3114
3129
3129
3129
3129
3129
3180
3180
3180
3180
3180
3187
3187
3187
3187
3187
3187
3270
3270
3270
3270
3270
3303
3303
3303
3303
3303
3271
3271
3271
3271
3271
3271
3287
3287
3287
3287
3287
3322
3322
3322
3322
3322
3305
3305
3305
3305
3305
3305
3242
3242
3242
3242
3242
3240
3240
3240
3240
3240
3265
3265
3265
3265
3265
3265
3217
3217
3217
3217
3217
3205
3205
3205
3205
3205
3202
3202
3202
3202
3202
3202
3217
3217
3217
3217
3217
3254
3254
3254
3254
3254
3265
3265
3265
3265
3265
3265
3319
3319
3319
3319
3319
3276
3276
3276
3276
3276
3271
3271
3271
3271
3271
3271
3311
3311
3311
3311
3311
3323
3323
3323
3323
3323
3312
3312
3312
3312
3312
3312
3355
3355
3355
3355
3355
3329
3329
3329
3329
3329
3321
3321
3321
3321
3321
3321
3312
3312
3312
3312
3312
3225
3225
3225
3225
3225
3214
3214
3214
3214
3214
3214
3197
3197
3197
3197
3197
3201
3201
3201
3201
3201
3113
3113
3113
3113
3113
3113
3124
3124
3124
3124
3124
3166
3166
3166
3166
3166
3165
3165
3165
3165
3165
3165
3210
3210
3210
3210
3210
3241
3241
3241
3241
3241
3233
3233
3233
3233
3233
3233
3297
3297
3297
3297
3297
3249
3249
3249
3249
3249
3329
3329
3329
3329
3329
3329
3250
3250
3250
3250
3250
3204
3204
3204
3204
3204
3215
3215
3215
3215
3215
3215
3210
3210
3210
3210
3210
3204
3204
3204
3204
3204
3198
3198
3198
3198
3198
3198
3156
3156
3156
3156
3156
3194
3194
3194
3194
3194
3242
3242
3242
3242
3242
3242
3287
3287
3287
3287
3287
3328
3328
3328
3328
3328
3332
3332
3332
3332
3332
3332
3326
3326
3326
3326
3326
3346
3346
3346
3346
3346
3333
3333
3333
3333
3333
3333
3283
3283
3283
3283
3283
3278
3278
3278
3278
3278
3228
3228
3228
3228
3228
3228
3222
3222
3222
3222
3222
3177
3177
3177
3177
3177
3158
3158
3158
3158
3158
3158
3186
3186
3186
3186
3186
3187
3187
3187
3187
3187
3249
3249
3249
3249
3249
3249
3290
3290
3290
3290
3290
3321
3321
3321
3321
3321
3314
3314
3314
3314
3314
3314
3351
3351
3351
3351
3351
3357
3357
3357
3357
3357
3288
3288
3288
3288
3288
3288
3254
3254
3254
3254
3254
3226
3226
3226
3226
3226
3144
3144
3144
3144
3144
3144
3102
3102
3102
3102
3102
3072
3072
3072
3072
3072
3050
3050
3050
3050
3050
3050
3054
3054
3054
3054
3054
3076
3076
3076
3076
3076
3123
3123
3123
3123
3123
3123
3187
3187
3187
3187
3187
3222
3222
3222
3222
3222
3282
3282
3282
3282
3282
3282
3313
3313
3313
3313
3313
3334
3334
3334
3334
3334
3351
3351
3351
3351
3351
3351
3353
3353
3353
3353
3353
3330
3330
3330
3330
3330
3319
3319
3319
3319
3319
3319
3237
3237
3237
3237
3237
3215
3215
3215
3215
3215
3198
3198
3198
3198
3198
3198
3176
3176
3176
3176
3176
3200
3200
3200
3200
3200
3218
3218
3218
3218
3218
3218
3222
3222
3222
3222
3222
3240
3240
3240
3240
3240
3253
3253
3253
3253
3253
3253
3285
3285
3285
3285
3285
3270
3270
3270
3270
3270
3258
3258
3258
3258
3258
3258
3253
3253
3253
3253
3253
3235
3235
3235
3235
3235
3215
3215
3215
3215
3215
3215
3174
3174
3174
3174
3174
3186
3186
3186
3186
3186
3208
3208
3208
3208
3208
3208
3199
3199
3199
3199
3199
3271
3271
3271
3271
3271
3270
3270
3270
3270
3270
3270
3311
3311
3311
3311
3311
3331
3331
3331
3331
3331
3318
3318
3318
3318
3318
3318
3305
3305
3305
3305
3305
3286
3286
3286
3286
3286
3267
3267
3267
3267
3267
3267
3192
3192
3192
3192
3192
3169
3169
3169
3169
3169
3111
3111
3111
3111
3111
3111
3070
3070
3070
3070
3070
3085
3085
3085
3085
3085
3099
3099
3099
3099
3099
3099
3154
3154
3154
3154
3154
3176
3176
3176
3176
3176
3227
3227
3227
3227
3227
3227
3288
3288
3288
3288
3288
3291
3291
3291
3291
3291
3289
3289
3289
3289
3289
3289
3293
3293
3293
3293
3293
3259
3259
3259
3259
3259
3260
3260
3260
3260
3260
3260
3232
3232
3232
3232
3232
3208
3208
3208
3208
3208
3204
3204
3204
3204
3204
3204
3195
3195
3195
3195
3195
3219
3219
3219
3219
3219
3230
3230
3230
3230
3230
3230
3231
3231
3231
3231
3231
3245
3245
3245
3245
3245
3267
3267
3267
3267
3267
3267
3280
3280
3280
3280
3280
3273
3273
3273
3273
3273
3249
3249
3249
3249
3249
3249
3263
3263
3263
3263
3263
3233
3233
3233
3233
3233
3241
3241
3241
3241
3241
3241
3254
3254
3254
3254
3254
3247
3247
3247
3247
3247
3243
3243
3243
3243
3243
3243
3295
3295
3295
3295
3295
3265
3265
3265
3265
3265
3290
3290
3290
3290
3290
3290
3289
3289
3289
3289
3289
3270
3270
3270
3270
3270
3261
3261
3261
3261
3261
3261
3246
3246
3246
3246
3246
3238
3238
3238
3238
3238
3218
3218
3218
3218
3218
3218
3183
3183
3183
3183
3183
3153
3153
3153
3153
3153
3139
3139
3139
3139
3139
3139
3161
3161
3161
3161
3161
3195
3195
3195
3195
3195
3204
3204
3204
3204
3204
3204
3234
3234
3234
3234
3234
3242
3242
3242
3242
3242
3266
3266
3266
3266
3266
3266
3271
3271
3271
3271
3271
3288
3288
3288
3288
3288
3283
3283
3283
3283
3283
3283
3287
3287
3287
3287
3287
3267
3267
3267
3267
3267
3266
3266
3266
3266
3266
3266
3223
3223
3223
3223
3223
3198
3198
3198
3198
3198
3205
3205
3205
3205
3205
3205
3181
3181
3181
3181
3181
3168
3168
3168
3168
3168
3192
3192
3192
3192
3192
3192
3194
3194
3194
3194
3194
3176
3176
3176
3176
3176
3202
3202
3202
3202
3202
3202
3215
3215
3215
3215
3215
3252
3252
3252
3252
3252
3268
3268
3268
3268
3268
3268
3269
3269
3269
3269
3269
3268
3268
3268
3268
3268
3307
3307
3307
3307
3307
3307
3281
3281
3281
3281
3281
3301
3301
3301
3301
3301
3292
3292
3292
3292
3292
3292
3294
3294
3294
3294
3294
3305
3305
3305
3305
3305
3304
3304
3304
3304
3304
3304
3292
3292
3292
3292
3292
3299
3299
3299
3299
3299
3322
3322
3322
3322
3322
3322
3281
3281
3281
3281
3281
3271
3271
3271
3271
3271
3243
3243
3243
3243
3243
3243
3210
3210
3210
3210
3210
3180
3180
3180
3180
3180
3137
3137
3137
3137
3137
3137
3122
3122
3122
3122
3122
3127
3127
3127
3127
3127
3093
3093
3093
3093
3093
3093
3107
3107
3107
3107
3107
3146
3146
3146
3146
3146
3162
3162
3162
3162
3162
3162
3201
3201
3201
3201
3201
3249
3249
3249
3249
3249
3250
3250
3250
3250
3250
3250
3270
3270
3270
3270
3270
3285
3285
3285
3285
3285
3278
3278
3278
3278
3278
3278
3296
3296
3296
3296
3296
3310
3310
3310
3310
3310
3305
3305
3305
3305
3305
3305
3299
3299
3299
3299
3299
3289
3289
3289
3289
3289
3263
3263
3263
3263
3263
3263
3274
3274
3274
3274
3274
3224
3224
3224
3224
3224
3189
3189
3189
3189
3189
3189
3198
3198
3198
3198
3198
3186
3186
3186
3186
3186
3175
3175
3175
3175
3175
3175
3175
3175
3175
3175
3175
3182
3182
3182
3182
3182
3184
3184
3184
3184
3184
3184
3223
3223
3223
3223
3223
3236
3236
3236
3236
3236
3254
3254
3254
3254
3254
3254
3255
3255
3255
3255
3255
3245
3245
3245
3245
3245
3256
3256
3256
3256
3256
3256
3266
3266
3266
3266
3266
3271
3271
3271
3271
3271
3258
3258
3258
3258
3258
3258
3286
3286
3286
3286
3286
3290
3290
3290
3290
3290
3297
3297
3297
3297
3297
3297
3263
3263
3263
3263
3263
3220
3220
3220
3220
3220
3209
3209
3209
3209
3209
3209
3213
3213
3213
3213
3213
3175
3175
3175
3175
3175
3169
3169
3169
3169
3169
3169
3140
3140
3140
3140
3140
3152
3152
3152
3152
3152
3108
3108
3108
3108
3108
3108
3162
3162
3162
3162
3162
3184
3184
3184
3184
3184
3253
3253
3253
3253
3253
3253
3233
3233
3233
3233
3233
3281
3281
3281
3281
3281
3323
3323
3323
3323
3323
3323
3308
3308
3308
3308
3308
3303
3303
3303
3303
3303
3320
3320
3320
3320
3320
3320
3287
3287
3287
3287
3287
3266
3266
3266
3266
3266
3244
3244
3244
3244
3244
3244
3307
3307
3307
3307
3307
3271
3271
3271
3271
3271
3221
3221
3221
3221
3221
3221
3209
3209
3209
3209
3209
3217
3217
3217
3217
3217
3232
3232
3232
3232
3232
3232
3178
3178
3178
3178
3178
3201
3201
3201
3201
3201
3160
3160
3160
3160
3160
3160
3179
3179
3179
3179
3179
3180
3180
3180
3180
3180
3174
3174
3174
3174
3174
3174
3168
3168
3168
3168
3168
3195
3195
3195
3195
3195
3142
3142
3142
3142
3142
3142
3208
3208
3208
3208
3208
3216
3216
3216
3216
3216
3240
3240
3240
3240
3240
3240
3245
3245
3245
3245
3245
3227
3227
3227
3227
3227
3260
3260
3260
3260
3260
3260
3279
3279
3279
3279
3279
3244
3244
3244
3244
3244
3253
3253
3253
3253
3253
3253
3282
3282
3282
3282
3282
3293
3293
3293
3293
3293
3271
3271
3271
3271
3271
3271
3287
3287
3287
3287
3287
3293
3293
3293
3293
3293
3314
3314
3314
3314
3314
3314
3317
3317
3317
3317
3317
3299
3299
3299
3299
3299
3307
3307
3307
3307
3307
3307
3305
3305
3305
3305
3305
3278
3278
3278
3278
3278
3270
3270
3270
3270
3270
3270
3261
3261
3261
3261
3261
3291
3291
3291
3291
3291
3271
3271
3271
3271
3271
3271
3201
3201
3201
3201
3201
3203
3203
3203
3203
3203
3161
3161
3161
3161
3161
3161
3147
3147
3147
3147
3147
3091
3091
3091
3091
3091
3117
3117
3117
3117
3117
3117
3143
3143
3143
3143
3143
3129
3129
3129
3129
3129
3187
3187
3187
3187
3187
3187
3201
3201
3201
3201
3201
3225
3225
3225
3225
3225
3257
3257
3257
3257
3257
3257
3268
3268
3268
3268
3268
3312
3312
3312
3312
3312
3321
3321
3321
3321
3321
3321
3312
3312
3312
3312
3312
3334
3334
3334
3334
3334
3295
3295
3295
3295
3295
3295
3303
3303
3303
3303
3303
3294
3294
3294
3294
3294
3259
3259
3259
3259
3259
3259
3219
3219
3219
3219
3219
3203
3203
3203
3203
3203
3176
3176
3176
3176
3176
3176
3169
3169
3169
3169
3169
3185
3185
3185
3185
3185
3221
3221
3221
3221
3221
3221
3220
3220
3220
3220
3220
3238
3238
3238
3238
3238
3268
3268
3268
3268
3268
3268
3228
3228
3228
3228
3228
3292
3292
3292
3292
3292
3249
3249
3249
3249
3249
3249
3273
3273
3273
3273
3273
3282
3282
3282
3282
3282
3261
3261
3261
3261
3261
3261
3271
3271
3271
3271
3271
3308
3308
3308
3308
3308
3285
3285
3285
3285
3285
3285
3249
3249
3249
3249
3249
3227
3227
3227
3227
3227
3206
3206
3206
3206
3206
3206
3211
3211
3211
3211
3211
3174
3174
3174
3174
3174
3237
3237
3237
3237
3237
3237
3218
3218
3218
3218
3218
3232
3232
3232
3232
3232
3235
3235
3235
3235
3235
3235
3236
3236
3236
3236
3236
3259
3259
3259
3259
3259
3281
3281
3281
3281
3281
3281
3247
3247
3247
3247
3247
3272
3272
3272
3272
3272
3271
3271
3271
3271
3271
3271
3247
3247
3247
3247
3247
3238
3238
3238
3238
3238
3255
3255
3255
3255
3255
3255
3196
3196
3196
3196
3196
3201
3201
3201
3201
3201
3211
3211
3211
3211
3211
3211
3180
3180
3180
3180
3180
3226
3226
3226
3226
3226
3183
3183
3183
3183
3183
3183
3219
3219
3219
3219
3219
3202
3202
3202
3202
3202
3244
3244
3244
3244
3244
3244
3231
3231
3231
3231
3231
3282
3282
3282
3282
3282
3249
3249
3249
3249
3249
3249
3285
3285
3285
3285
3285
3315
3315
3315
3315
3315
3286
3286
3286
3286
3286
3286
3290
3290
3290
3290
3290
3300
3300
3300
3300
3300
3292
3292
3292
3292
3292
3292
3302
3302
3302
3302
3302
3314
3314
3314
3314
3314
3291
3291
3291
3291
3291
3291
3300
3300
3300
3300
3300
3273
3273
3273
3273
3273
3259
3259
3259
3259
3259
3259
3272
3272
3272
3272
3272
3172
3172
3172
3172
3172
3214
3214
3214
3214
3214
3214
3191
3191
3191
3191
3191
3206
3206
3206
3206
3206
3210
3210
3210
3210
3210
3210
3217
3217
3217
3217
3217
3144
3144
3144
3144
3144
3177
3177
3177
3177
3177
3177
3162
3162
3162
3162
3162
3183
3183
3183
3183
3183
3192
3192
3192
3192
3192
3192
3209
3209
3209
3209
3209
3216
3216
3216
3216
3216
3242
3242
3242
3242
3242
3242
3289
3289
3289
3289
3289
3267
3267
3267
3267
3267
3298
3298
3298
3298
3298
3298
3266
3266
3266
3266
3266
3266
3266
3266
3266
3266
3267
3267
3267
3267
3267