2659
2659
2659
2659
2659
2655
2655
2655
2655
2655
2653
2653
2653
2653
2653
2653
2652
2652
2652
2652
2652
2660
2660
2660
2660
2660
2659
2659
2659
2659
2659
2659
2653
2653
2653
2653
2653
2650
2650
2650
2650
2650
2657
2657
2657
2657
2657
2657
2653
2653
2653
2653
2653
2656
2656
2656
2656
2656
2653
2653
2653
2653
2653
2653
2646
2646
2646
2646
2646
2637
2637
2637
2637
2637
2655
2655
2655
2655
2655
2655
2646
2646
2646
2646
2646
2657
2657
2657
2657
2657
2653
2653
2653
2653
2653
2653
2663
2663
2663
2663
2663
2653
2653
2653
2653
2653
2662
2662
2662
2662
2662
2662
2648
2648
2648
2648
2648
2657
2657
2657
2657
2657
2647
2647
2647
2647
2647
2647
2654
2654
2654
2654
2654
2657
2657
2657
2657
2657
2663
2663
2663
2663
2663
2663
2642
2642
2642
2642
2642
2654
2654
2654
2654
2654
2653
2653
2653
2653
2653
2653
2658
2658
2658
2658
2658
2651
2651
2651
2651
2651
2662
2662
2662
2662
2662
2662
2652
2652
2652
2652
2652
2649
2649
2649
2649
2649
2647
2647
2647
2647
2647
2647
2637
2637
2637
2637
2637
2648
2648
2648
2648
2648
2648
2648
2648
2648
2648
2648
2647
2647
2647
2647
2647
2643
2643
2643
2643
2643
2651
2651
2651
2651
2651
2651
2661
2661
2661
2661
2661
2646
2646
2646
2646
2646
2645
2645
2645
2645
2645
2645
2642
2642
2642
2642
2642
2653
2653
2653
2653
2653
2639
2639
2639
2639
2639
2639
2646
2646
2646
2646
2646
2637
2637
2637
2637
2637
2650
2650
2650
2650
2650
2650
2644
2644
2644
2644
2644
2642
2642
2642
2642
2642
2643
2643
2643
2643
2643
2643
2627
2627
2627
2627
2627
2638
2638
2638
2638
2638
2640
2640
2640
2640
2640
2640
2649
2649
2649
2649
2649
2636
2636
2636
2636
2636
2641
2641
2641
2641
2641
2641
2633
2633
2633
2633
2633
2639
2639
2639
2639
2639
2635
2635
2635
2635
2635
2635
2640
2640
2640
2640
2640
2631
2631
2631
2631
2631
2637
2637
2637
2637
2637
2637
2647
2647
2647
2647
2647
2641
2641
2641
2641
2641
2641
2641
2641
2641
2641
2641
2626
2626
2626
2626
2626
2630
2630
2630
2630
2630
2642
2642
2642
2642
2642
2642
2632
2632
2632
2632
2632
2640
2640
2640
2640
2640
2627
2627
2627
2627
2627
2627
2627
2627
2627
2627
2627
2623
2623
2623
2623
2623
2631
2631
2631
2631
2631
2631
2639
2639
2639
2639
2639
2628
2628
2628
2628
2628
2618
2618
2618
2618
2618
2618
2632
2632
2632
2632
2632
2635
2635
2635
2635
2635
2630
2630
2630
2630
2630
2630
2631
2631
2631
2631
2631
2609
2609
2609
2609
2609
2624
2624
2624
2624
2624
2624
2631
2631
2631
2631
2631
2622
2622
2622
2622
2622
2617
2617
2617
2617
2617
2617
2618
2618
2618
2618
2618
2627
2627
2627
2627
2627
2619
2619
2619
2619
2619
2619
2622
2622
2622
2622
2622
2616
2616
2616
2616
2616
2616
2616
2616
2616
2616
2616
2625
2625
2625
2625
2625
2621
2621
2621
2621
2621
2631
2631
2631
2631
2631
2631
2626
2626
2626
2626
2626
2615
2615
2615
2615
2615
2618
2618
2618
2618
2618
2618
2612
2612
2612
2612
2612
2615
2615
2615
2615
2615
2633
2633
2633
2633
2633
2633
2623
2623
2623
2623
2623
2625
2625
2625
2625
2625
2620
2620
2620
2620
2620
2620
2628
2628
2628
2628
2628
2630
2630
2630
2630
2630
2624
2624
2624
2624
2624
2624
2618
2618
2618
2618
2618
2626
2626
2626
2626
2626
2627
2627
2627
2627
2627
2627
2623
2623
2623
2623
2623
2617
2617
2617
2617
2617
2608
2608
2608
2608
2608
2608
2614
2614
2614
2614
2614
2607
2607
2607
2607
2607
2617
2617
2617
2617
2617
2617
2625
2625
2625
2625
2625
2619
2619
2619
2619
2619
2614
2614
2614
2614
2614
2614
2616
2616
2616
2616
2616
2614
2614
2614
2614
2614
2615
2615
2615
2615
2615
2615
2614
2614
2614
2614
2614
2614
2614
2614
2614
2614
2616
2616
2616
2616
2616
2616
2610
2610
2610
2610
2610
2607
2607
2607
2607
2607
2622
2622
2622
2622
2622
2622
2627
2627
2627
2627
2627
2621
2621
2621
2621
2621
2621
2621
2621
2621
2621
2621
2629
2629
2629
2629
2629
2615
2615
2615
2615
2615
2631
2631
2631
2631
2631
2631
2620
2620
2620
2620
2620
2627
2627
2627
2627
2627
2632
2632
2632
2632
2632
2632
2628
2628
2628
2628
2628
2611
2611
2611
2611
2611
2611
2611
2611
2611
2611
2611
2615
2615
2615
2615
2615
2621
2621
2621
2621
2621
2614
2614
2614
2614
2614
2614
2627
2627
2627
2627
2627
2634
2634
2634
2634
2634
2623
2623
2623
2623
2623
2623
2624
2624
2624
2624
2624
2613
2613
2613
2613
2613
2623
2623
2623
2623
2623
2623
2610
2610
2610
2610
2610
2622
2622
2622
2622
2622
2617
2617
2617
2617
2617
2617
2634
2634
2634
2634
2634
2626
2626
2626
2626
2626
2624
2624
2624
2624
2624
2624
2624
2624
2624
2624
2624
2623
2623
2623
2623
2623
2626
2626
2626
2626
2626
2626
2625
2625
2625
2625
2625
2635
2635
2635
2635
2635
2626
2626
2626
2626
2626
2626
2635
2635
2635
2635
2635
2630
2630
2630
2630
2630
2634
2634
2634
2634
2634
2634
2634
2634
2634
2634
2634
2642
2642
2642
2642
2642
2641
2641
2641
2641
2641
2641
2637
2637
2637
2637
2637
2640
2640
2640
2640
2640
2645
2645
2645
2645
2645
2645
2646
2646
2646
2646
2646
2643
2643
2643
2643
2643
2642
2642
2642
2642
2642
2642
2646
2646
2646
2646
2646
2632
2632
2632
2632
2632
2648
2648
2648
2648
2648
2648
2648
2648
2648
2648
2648
2638
2638
2638
2638
2638
2645
2645
2645
2645
2645
2645
2639
2639
2639
2639
2639
2638
2638
2638
2638
2638
2643
2643
2643
2643
2643
2643
2642
2642
2642
2642
2642
2647
2647
2647
2647
2647
2644
2644
2644
2644
2644
2644
2649
2649
2649
2649
2649
2645
2645
2645
2645
2645
2638
2638
2638
2638
2638
2638
2647
2647
2647
2647
2647
2645
2645
2645
2645
2645
2644
2644
2644
2644
2644
2644
2659
2659
2659
2659
2659
2638
2638
2638
2638
2638
2655
2655
2655
2655
2655
2655
2646
2646
2646
2646
2646
2656
2656
2656
2656
2656
2647
2647
2647
2647
2647
2647
2654
2654
2654
2654
2654
2658
2658
2658
2658
2658
2659
2659
2659
2659
2659
2659
2649
2649
2649
2649
2649
2657
2657
2657
2657
2657
2656
2656
2656
2656
2656
2656
2659
2659
2659
2659
2659
2655
2655
2655
2655
2655
2649
2649
2649
2649
2649
2649
2660
2660
2660
2660
2660
2671
2671
2671
2671
2671
2660
2660
2660
2660
2660
2660
2662
2662
2662
2662
2662
2671
2671
2671
2671
2671
2680
2680
2680
2680
2680
2680
2666
2666
2666
2666
2666
2658
2658
2658
2658
2658
2670
2670
2670
2670
2670
2670
2676
2676
2676
2676
2676
2675
2675
2675
2675
2675
2665
2665
2665
2665
2665
2665
2681
2681
2681
2681
2681
2665
2665
2665
2665
2665
2674
2674
2674
2674
2674
2674
2658
2658
2658
2658
2658
2660
2660
2660
2660
2660
2665
2665
2665
2665
2665
2665
2674
2674
2674
2674
2674
2665
2665
2665
2665
2665
2671
2671
2671
2671
2671
2671
2664
2664
2664
2664
2664
2669
2669
2669
2669
2669
2670
2670
2670
2670
2670
2670
2674
2674
2674
2674
2674
2666
2666
2666
2666
2666
2668
2668
2668
2668
2668
2668
2669
2669
2669
2669
2669
2670
2670
2670
2670
2670
2673
2673
2673
2673
2673
2673
2660
2660
2660
2660
2660
2670
2670
2670
2670
2670
2669
2669
2669
2669
2669
2669
2664
2664
2664
2664
2664
2671
2671
2671
2671
2671
2657
2657
2657
2657
2657
2657
2670
2670
2670
2670
2670
2671
2671
2671
2671
2671
2673
2673
2673
2673
2673
2673
2669
2669
2669
2669
2669
2665
2665
2665
2665
2665
2653
2653
2653
2653
2653
2653
2674
2674
2674
2674
2674
2665
2665
2665
2665
2665
2672
2672
2672
2672
2672
2672
2691
2691
2691
2691
2691
2683
2683
2683
2683
2683
2670
2670
2670
2670
2670
2670
2664
2664
2664
2664
2664
2647
2647
2647
2647
2647
2665
2665
2665
2665
2665
2665
2668
2668
2668
2668
2668
2654
2654
2654
2654
2654
2665
2665
2665
2665
2665
2665
2675
2675
2675
2675
2675
2673
2673
2673
2673
2673
2655
2655
2655
2655
2655
2655
2662
2662
2662
2662
2662
2676
2676
2676
2676
2676
2675
2675
2675
2675
2675
2675
2660
2660
2660
2660
2660
2672
2672
2672
2672
2672
2676
2676
2676
2676
2676
2676
2668
2668
2668
2668
2668
2659
2659
2659
2659
2659
2662
2662
2662
2662
2662
2662
2671
2671
2671
2671
2671
2664
2664
2664
2664
2664
2654
2654
2654
2654
2654
2654
2669
2669
2669
2669
2669
2665
2665
2665
2665
2665
2659
2659
2659
2659
2659
2659
2655
2655
2655
2655
2655
2666
2666
2666
2666
2666
2663
2663
2663
2663
2663
2663
2656
2656
2656
2656
2656
2661
2661
2661
2661
2661
2656
2656
2656
2656
2656
2656
2663
2663
2663
2663
2663
2671
2671
2671
2671
2671
2663
2663
2663
2663
2663
2663
2657
2657
2657
2657
2657
2659
2659
2659
2659
2659
2660
2660
2660
2660
2660
2660
2670
2670
2670
2670
2670
2660
2660
2660
2660
2660
2650
2650
2650
2650
2650
2650
2662
2662
2662
2662
2662
2659
2659
2659
2659
2659
2663
2663
2663
2663
2663
2663
2659
2659
2659
2659
2659
2651
2651
2651
2651
2651
2664
2664
2664
2664
2664
2664
2662
2662
2662
2662
2662
2661
2661
2661
2661
2661
2671
2671
2671
2671
2671
2671
2669
2669
2669
2669
2669
2661
2661
2661
2661
2661
2657
2657
2657
2657
2657
2657
2656
2656
2656
2656
2656
2674
2674
2674
2674
2674
2660
2660
2660
2660
2660
2660
2665
2665
2665
2665
2665
2669
2669
2669
2669
2669
2663
2663
2663
2663
2663
2663
2659
2659
2659
2659
2659
2664
2664
2664
2664
2664
2658
2658
2658
2658
2658
2658
2658
2658
2658
2658
2658
2664
2664
2664
2664
2664
2661
2661
2661
2661
2661
2661
2655
2655
2655
2655
2655
2663
2663
2663
2663
2663
2659
2659
2659
2659
2659
2659
2650
2650
2650
2650
2650
2652
2652
2652
2652
2652
2658
2658
2658
2658
2658
2658
2658
2658
2658
2658
2658
2658
2658
2658
2658
2658
2664
2664
2664
2664
2664
2664
2665
2665
2665
2665
2665
2673
2673
2673
2673
2673
2659
2659
2659
2659
2659
2659
2655
2655
2655
2655
2655
2670
2670
2670
2670
2670
2668
2668
2668
2668
2668
2668
2673
2673
2673
2673
2673
2667
2667
2667
2667
2667
2666
2666
2666
2666
2666
2666
2666
2666
2666
2666
2666
2659
2659
2659
2659
2659
2658
2658
2658
2658
2658
2658
2671
2671
2671
2671
2671
2668
2668
2668
2668
2668
2669
2669
2669
2669
2669
2669
2671
2671
2671
2671
2671
2675
2675
2675
2675
2675
2690
2690
2690
2690
2690
2690
2671
2671
2671
2671
2671
2673
2673
2673
2673
2673
2669
2669
2669
2669
2669
2669
2681
2681
2681
2681
2681
2671
2671
2671
2671
2671
2679
2679
2679
2679
2679
2679
2678
2678
2678
2678
2678
2679
2679
2679
2679
2679
2673
2673
2673
2673
2673
2673
2671
2671
2671
2671
2671
2677
2677
2677
2677
2677
2676
2676
2676
2676
2676
2676
2675
2675
2675
2675
2675
2674
2674
2674
2674
2674
2683
2683
2683
2683
2683
2683
2673
2673
2673
2673
2673
2680
2680
2680
2680
2680
2669
2669
2669
2669
2669
2669
2670
2670
2670
2670
2670
2684
2684
2684
2684
2684
2688
2688
2688
2688
2688
2688
2685
2685
2685
2685
2685
2685
2685
2685
2685
2685
2695
2695
2695
2695
2695
2695
2696
2696
2696
2696
2696
2684
2684
2684
2684
2684
2681
2681
2681
2681
2681
2681
2690
2690
2690
2690
2690
2685
2685
2685
2685
2685
2667
2667
2667
2667
2667
2667
2661
2661
2661
2661
2661
2655
2655
2655
2655
2655
2656
2656
2656
2656
2656
2656
2644
2644
2644
2644
2644
2655
2655
2655
2655
2655
2660
2660
2660
2660
2660
2660
2668
2668
2668
2668
2668
2665
2665
2665
2665
2665
2685
2685
2685
2685
2685
2685
2690
2690
2690
2690
2690
2679
2679
2679
2679
2679
2690
2690
2690
2690
2690
2690
2665
2665
2665
2665
2665
2679
2679
2679
2679
2679
2667
2667
2667
2667
2667
2667
2660
2660
2660
2660
2660
2657
2657
2657
2657
2657
2656
2656
2656
2656
2656
2656
2662
2662
2662
2662
2662
2652
2652
2652
2652
2652
2633
2633
2633
2633
2633
2633
2641
2641
2641
2641
2641
2639
2639
2639
2639
2639
2625
2625
2625
2625
2625
2625
2609
2609
2609
2609
2609
2614
2614
2614
2614
2614
2606
2606
2606
2606
2606
2606
2585
2585
2585
2585
2585
2568
2568
2568
2568
2568
2554
2554
2554
2554
2554
2554
2530
2530
2530
2530
2530
2479
2479
2479
2479
2479
2428
2428
2428
2428
2428
2428
2373
2373
2373
2373
2373
2322
2322
2322
2322
2322
2286
2286
2286
2286
2286
2286
2274
2274
2274
2274
2274
2326
2326
2326
2326
2326
2436
2436
2436
2436
2436
2436
2611
2611
2611
2611
2611
2850
2850
2850
2850
2850
3113
3113
3113
3113
3113
3113
3393
3393
3393
3393
3393
3644
3644
3644
3644
3644
3857
3857
3857
3857
3857
3857
3978
3978
3978
3978
3978
4022
4022
4022
4022
4022
4020
4020
4020
4020
4020
4020
3986
3986
3986
3986
3986
3880
3880
3880
3880
3880
3734
3734
3734
3734
3734
3734
3525
3525
3525
3525
3525
3281
3281
3281
3281
3281
2970
2970
2970
2970
2970
2970
2640
2640
2640
2640
2640
2277
2277
2277
2277
2277
1906
1906
1906
1906
1906
1906
1566
1566
1566
1566
1566
1295
1295
1295
1295
1295
1094
1094
1094
1094
1094
1094
980
980
980
980
980
943
943
943
943
943
977
977
977
977
977
977
1070
1070
1070
1070
1070
1231
1231
1231
1231
1231
1468
1468
1468
1468
1468
1468
1739
1739
1739
1739
1739
2081
2081
2081
2081
2081
2433
2433
2433
2433
2433
2433
2811
2811
2811
2811
2811
3182
3182
3182
3182
3182
3518
3518
3518
3518
3518
3518
3789
3789
3789
3789
3789
3962
3962
3962
3962
3962
4027
4027
4027
4027
4027
4027
4024
4024
4024
4024
4024
3971
3971
3971
3971
3971
3813
3813
3813
3813
3813
3813
3627
3627
3627
3627
3627
3458
3458
3458
3458
3458
3293
3293
3293
3293
3293
3293
3178
3178
3178
3178
3178
3111
3111
3111
3111
3111
3098
3098
3098
3098
3098
3098
3114
3114
3114
3114
3114
3151
3151
3151
3151
3151
3185
3185
3185
3185
3185
3185
3221
3221
3221
3221
3221
3183
3183
3183
3183
3183
3102
3102
3102
3102
3102
3102
2978
2978
2978
2978
2978
2775
2775
2775
2775
2775
2540
2540
2540
2540
2540
2540
2273
2273
2273
2273
2273
2001
2001
2001
2001
2001
1763
1763
1763
1763
1763
1763
1551
1551
1551
1551
1551
1385
1385
1385
1385
1385
1279
1279
1279
1279
1279
1279
1249
1249
1249
1249
1249
1263
1263
1263
1263
1263
1360
1360
1360
1360
1360
1360
1527
1527
1527
1527
1527
1746
1746
1746
1746
1746
1976
1976
1976
1976
1976
1976
2245
2245
2245
2245
2245
2495
2495
2495
2495
2495
2720
2720
2720
2720
2720
2720
2916
2916
2916
2916
2916
3055
3055
3055
3055
3055
3175
3175
3175
3175
3175
3175
3247
3247
3247
3247
3247
3337
3337
3337
3337
3337
3388
3388
3388
3388
3388
3388
3447
3447
3447
3447
3447
3502
3502
3502
3502
3502
3553
3553
3553
3553
3553
3553
3569
3569
3569
3569
3569
3571
3571
3571
3571
3571
3564
3564
3564
3564
3564
3564
3537
3537
3537
3537
3537
3464
3464
3464
3464
3464
3366
3366
3366
3366
3366
3366
3281
3281
3281
3281
3281
3177
3177
3177
3177
3177
3067
3067
3067
3067
3067
3067
2984
2984
2984
2984
2984
2876
2876
2876
2876
2876
2784
2784
2784
2784
2784
2784
2737
2737
2737
2737
2737
2666
2666
2666
2666
2666
2612
2612
2612
2612
2612
2612
2570
2570
2570
2570
2570
2516
2516
2516
2516
2516
2453
2453
2453
2453
2453
2453
2383
2383
2383
2383
2383
2301
2301
2301
2301
2301
2204
2204
2204
2204
2204
2204
2098
2098
2098
2098
2098
2018
2018
2018
2018
2018
1942
1942
1942
1942
1942
1942
1899
1899
1899
1899
1899
1874
1874
1874
1874
1874
1890
1890
1890
1890
1890
1890
1937
1937
1937
1937
1937
2009
2009
2009
2009
2009
2106
2106
2106
2106
2106
2106
2229
2229
2229
2229
2229
2362
2362
2362
2362
2362
2478
2478
2478
2478
2478
2478
2597
2597
2597
2597
2597
2707
2707
2707
2707
2707
2777
2777
2777
2777
2777
2777
2875
2875
2875
2875
2875
2925
2925
2925
2925
2925
2994
2994
2994
2994
2994
2994
3042
3042
3042
3042
3042
3110
3110
3110
3110
3110
3154
3154
3154
3154
3154
3154
3183
3183
3183
3183
3183
3231
3231
3231
3231
3231
3251
3251
3251
3251
3251
3251
3264
3264
3264
3264
3264
3248
3248
3248
3248
3248
3217
3217
3217
3217
3217
3217
3189
3189
3189
3189
3189
3113
3113
3113
3113
3113
3049
3049
3049
3049
3049
3049
2956
2956
2956
2956
2956
2885
2885
2885
2885
2885
2815
2815
2815
2815
2815
2815
2768
2768
2768
2768
2768
2705
2705
2705
2705
2705
2677
2677
2677
2677
2677
2677
2642
2642
2642
2642
2642
2612
2612
2612
2612
2612
2592
2592
2592
2592
2592
2592
2561
2561
2561
2561
2561
2557
2557
2557
2557
2557
2509
2509
2509
2509
2509
2509
2500
2500
2500
2500
2500
2482
2482
2482
2482
2482
2467
2467
2467
2467
2467
2467
2427
2427
2427
2427
2427
2418
2418
2418
2418
2418
2392
2392
2392
2392
2392
2392
2386
2386
2386
2386
2386
2387
2387
2387
2387
2387
2378
2378
2378
2378
2378
2378
2405
2405
2405
2405
2405
2425
2425
2425
2425
2425
2458
2458
2458
2458
2458
2458
2484
2484
2484
2484
2484
2517
2517
2517
2517
2517
2556
2556
2556
2556
2556
2556
2589
2589
2589
2589
2589
2623
2623
2623
2623
2623
2676
2676
2676
2676
2676
2676
2711
2711
2711
2711
2711
2761
2761
2761
2761
2761
2783
2783
2783
2783
2783
2783
2804
2804
2804
2804
2804
2829
2829
2829
2829
2829
2857
2857
2857
2857
2857
2857
2872
2872
2872
2872
2872
2894
2894
2894
2894
2894
2926
2926
2926
2926
2926
2926
2932
2932
2932
2932
2932
2957
2957
2957
2957
2957
2969
2969
2969
2969
2969
2969
2975
2975
2975
2975
2975
2968
2968
2968
2968
2968
2949
2949
2949
2949
2949
2949
2926
2926
2926
2926
2926
2928
2928
2928
2928
2928
2897
2897
2897
2897
2897
2897
2891
2891
2891
2891
2891
2866
2866
2866
2866
2866
2850
2850
2850
2850
2850
2850
2835
2835
2835
2835
2835
2792
2792
2792
2792
2792
2742
2742
2742
2742
2742
2742
2674
2674
2674
2674
2674
2614
2614
2614
2614
2614
2565
2565
2565
2565
2565
2565
2515
2515
2515
2515
2515
2489
2489
2489
2489
2489
2474
2474
2474
2474
2474
2474
2478
2478
2478
2478
2478
2461
2461
2461
2461
2461
2456
2456
2456
2456
2456
2456
2465
2465
2465
2465
2465
2459
2459
2459
2459
2459
2467
2467
2467
2467
2467
2467
2482
2482
2482
2482
2482
2513
2513
2513
2513
2513
2549
2549
2549
2549
2549
2549
2594
2594
2594
2594
2594
2632
2632
2632
2632
2632
2673
2673
2673
2673
2673
2673
2698
2698
2698
2698
2698
2717
2717
2717
2717
2717
2722
2722
2722
2722
2722
2722
2733
2733
2733
2733
2733
2757
2757
2757
2757
2757
2762
2762
2762
2762
2762
2762
2784
2784
2784
2784
2784
2790
2790
2790
2790
2790
2802
2802
2802
2802
2802
2802
2802
2802
2802
2802
2802
2770
2770
2770
2770
2770
2742
2742
2742
2742
2742
2742
2726
2726
2726
2726
2726
2703
2703
2703
2703
2703
2699
2699
2699
2699
2699
2699
2709
2709
2709
2709
2709
2736
2736
2736
2736
2736
2753
2753
2753
2753
2753
2753
2776
2776
2776
2776
2776
2783
2783
2783
2783
2783
2796
2796
2796
2796
2796
2796
2789
2789
2789
2789
2789
2764
2764
2764
2764
2764
2755
2755
2755
2755
2755
2755
2735
2735
2735
2735
2735
2729
2729
2729
2729
2729
2722
2722
2722
2722
2722
2722
2717
2717
2717
2717
2717
2720
2720
2720
2720
2720
2728
2728
2728
2728
2728
2728
2708
2708
2708
2708
2708
2685
2685
2685
2685
2685
2674
2674
2674
2674
2674
2674
2661
2661
2661
2661
2661
2644
2644
2644
2644
2644
2627
2627
2627
2627
2627
2627
2630
2630
2630
2630
2630
2628
2628
2628
2628
2628
2634
2634
2634
2634
2634
2634
2628
2628
2628
2628
2628
2622
2622
2622
2622
2622
2603
2603
2603
2603
2603
2603
2576
2576
2576
2576
2576
2562
2562
2562
2562
2562
2556
2556
2556
2556
2556
2556
2567
2567
2567
2567
2567
2579
2579
2579
2579
2579
2604
2604
2604
2604
2604
2604
2635
2635
2635
2635
2635
2677
2677
2677
2677
2677
2692
2692
2692
2692
2692
2692
2716
2716
2716
2716
2716
2718
2718
2718
2718
2718
2739
2739
2739
2739
2739
2739
2742
2742
2742
2742
2742
2746
2746
2746
2746
2746
2755
2755
2755
2755
2755
2755
2767
2767
2767
2767
2767
2760
2760
2760
2760
2760
2765
2765
2765
2765
2765
2765
2759
2759
2759
2759
2759
2757
2757
2757
2757
2757
2754
2754
2754
2754
2754
2754
2729
2729
2729
2729
2729
2716
2716
2716
2716
2716
2703
2703
2703
2703
2703
2703
2698
2698
2698
2698
2698
2690
2690
2690
2690
2690
2680
2680
2680
2680
2680
2680
2692
2692
2692
2692
2692
2709
2709
2709
2709
2709
2710
2710
2710
2710
2710
2710
2715
2715
2715
2715
2715
2723
2723
2723
2723
2723
2721
2721
2721
2721
2721
2721
2721
2721
2721
2721
2721
2709
2709
2709
2709
2709
2697
2697
2697
2697
2697
2697
2701
2701
2701
2701
2701
2689
2689
2689
2689
2689
2687
2687
2687
2687
2687
2687
2686
2686
2686
2686
2686
2682
2682
2682
2682
2682
2676
2676
2676
2676
2676
2676
2654
2654
2654
2654
2654
2639
2639
2639
2639
2639
2637
2637
2637
2637
2637
2637
2639
2639
2639
2639
2639
2642
2642
2642
2642
2642
2658
2658
2658
2658
2658
2658
2672
2672
2672
2672
2672
2689
2689
2689
2689
2689
2696
2696
2696
2696
2696
2696
2711
2711
2711
2711
2711
2712
2712
2712
2712
2712
2699
2699
2699
2699
2699
2699
2686
2686
2686
2686
2686
2675
2675
2675
2675
2675
2670
2670
2670
2670
2670
2670
2658
2658
2658
2658
2658
2676
2676
2676
2676
2676
2684
2684
2684
2684
2684
2684
2703
2703
2703
2703
2703
2728
2728
2728
2728
2728
2722
2722
2722
2722
2722
2722
2735
2735
2735
2735
2735
2752
2752
2752
2752
2752
2745
2745
2745
2745
2745
2745
2740
2740
2740
2740
2740
2727
2727
2727
2727
2727
2730
2730
2730
2730
2730
2730
2748
2748
2748
2748
2748
2754
2754
2754
2754
2754
2758
2758
2758
2758
2758
2758
2762
2762
2762
2762
2762
2761
2761
2761
2761
2761
2742
2742
2742
2742
2742
2742
2734
2734
2734
2734
2734
2704
2704
2704
2704
2704
2689
2689
2689
2689
2689
2689
2700
2700
2700
2700
2700
2684
2684
2684
2684
2684
2683
2683
2683
2683
2683
2683
2685
2685
2685
2685
2685
2696
2696
2696
2696
2696
2694
2694
2694
2694
2694
2694
2689
2689
2689
2689
2689
2699
2699
2699
2699
2699
2688
2688
2688
2688
2688
2688
2683
2683
2683
2683
2683
2693
2693
2693
2693
2693
2691
2691
2691
2691
2691
2691
2703
2703
2703
2703
2703
2716
2716
2716
2716
2716
2728
2728
2728
2728
2728
2728
2731
2731
2731
2731
2731
2747
2747
2747
2747
2747
2736
2736
2736
2736
2736
2736
2733
2733
2733
2733
2733
2718
2718
2718
2718
2718
2705
2705
2705
2705
2705
2705
2699
2699
2699
2699
2699
2698
2698
2698
2698
2698
2690
2690
2690
2690
2690
2690
2709
2709
2709
2709
2709
2721
2721
2721
2721
2721
2719
2719
2719
2719
2719
2719
2739
2739
2739
2739
2739
2735
2735
2735
2735
2735
2729
2729
2729
2729
2729
2729
2702
2702
2702
2702
2702
2694
2694
2694
2694
2694
2682
2682
2682
2682
2682
2682
2682
2682
2682
2682
2682
2678
2678
2678
2678
2678
2697
2697
2697
2697
2697
2697
2714
2714
2714
2714
2714
2720
2720
2720
2720
2720
2736
2736
2736
2736
2736
2736
2735
2735
2735
2735
2735
2743
2743
2743
2743
2743
2736
2736
2736
2736
2736
2736
2741
2741
2741
2741
2741
2733
2733
2733
2733
2733
2739
2739
2739
2739
2739
2739
2724
2724
2724
2724
2724
2729
2729
2729
2729
2729
2724
2724
2724
2724
2724
2724
2726
2726
2726
2726
2726
2738
2738
2738
2738
2738
2739
2739
2739
2739
2739
2739
2722
2722
2722
2722
2722
2727
2727
2727
2727
2727
2703
2703
2703
2703
2703
2703
2681
2681
2681
2681
2681
2674
2674
2674
2674
2674
2676
2676
2676
2676
2676
2676
2677
2677
2677
2677
2677
2682
2682
2682
2682
2682
2681
2681
2681
2681
2681
2681
2690
2690
2690
2690
2690
2700
2700
2700
2700
2700
2689
2689
2689
2689
2689
2689
2705
2705
2705
2705
2705
2709
2709
2709
2709
2709
2705
2705
2705
2705
2705
2705
2699
2699
2699
2699
2699
2705
2705
2705
2705
2705
2698
2698
2698
2698
2698
2698
2705
2705
2705
2705
2705
2713
2713
2713
2713
2713
2703
2703
2703
2703
2703
2703
2704
2704
2704
2704
2704
2691
2691
2691
2691
2691
2698
2698
2698
2698
2698
2698
2709
2709
2709
2709
2709
2680
2680
2680
2680
2680
2693
2693
2693
2693
2693
2693
2696
2696
2696
2696
2696
2685
2685
2685
2685
2685
2698
2698
2698
2698
2698
2698
2683
2683
2683
2683
2683
2688
2688
2688
2688
2688
2692
2692
2692
2692
2692
2692
2689
2689
2689
2689
2689
2701
2701
2701
2701
2701
2715
2715
2715
2715
2715
2715
2720
2720
2720
2720
2720
2714
2714
2714
2714
2714
2710
2710
2710
2710
2710
2710
2713
2713
2713
2713
2713
2703
2703
2703
2703
2703
2707
2707
2707
2707
2707
2707
2693
2693
2693
2693
2693
2694
2694
2694
2694
2694
2701
2701
2701
2701
2701
2701
2710
2710
2710
2710
2710
2702
2702
2702
2702
2702
2712
2712
2712
2712
2712
2712
2709
2709
2709
2709
2709
2697
2697
2697
2697
2697
2698
2698
2698
2698
2698
2698
2697
2697
2697
2697
2697
2697
2697
2697
2697
2697
2685
2685
2685
2685
2685
2685
2672
2672
2672
2672
2672
2668
2668
2668
2668
2668
2673
2673
2673
2673
2673
2673
2670
2670
2670
2670
2670
2674
2674
2674
2674
2674
2675
2675
2675
2675
2675
2675
2682
2682
2682
2682
2682
2669
2669
2669
2669
2669
2661
2661
2661
2661
2661
2661
2649
2649
2649
2649
2649
2655
2655
2655
2655
2655
2653
2653
2653
2653
2653
2653
2643
2643
2643
2643
2643
2655
2655
2655
2655
2655
2666
2666
2666
2666
2666
2666
2672
2672
2672
2672
2672
2679
2679
2679
2679
2679
2681
2681
2681
2681
2681
2681
2709
2709
2709
2709
2709
2702
2702
2702
2702
2702
2691
2691
2691
2691
2691
2691
2692
2692
2692
2692
2692
2690
2690
2690
2690
2690
2691
2691
2691
2691
2691
2691
2698
2698
2698
2698
2698
2691
2691
2691
2691
2691
2699
2699
2699
2699
2699
2699
2709
2709
2709
2709
2709
2703
2703
2703
2703
2703
2705
2705
2705
2705
2705
2705
2704
2704
2704
2704
2704
2695
2695
2695
2695
2695
2695
2695
2695
2695
2695
2695
2689
2689
2689
2689
2689
2675
2675
2675
2675
2675
2665
2665
2665
2665
2665
2665
2657
2657
2657
2657
2657
2666
2666
2666
2666
2666
2661
2661
2661
2661
2661
2661
2657
2657
2657
2657
2657
2683
2683
2683
2683
2683
2672
2672
2672
2672
2672
2672
2678
2678
2678
2678
2678
2681
2681
2681
2681
2681
2692
2692
2692
2692
2692
2692
2675
2675
2675
2675
2675
2694
2694
2694
2694
2694
2681
2681
2681
2681
2681
2681
2669
2669
2669
2669
2669
2648
2648
2648
2648
2648
2636
2636
2636
2636
2636
2636
2648
2648
2648
2648
2648
2635
2635
2635
2635
2635
2640
2640
2640
2640
2640
2640
2645
2645
2645
2645
2645
2654
2654
2654
2654
2654
2659
2659
2659
2659
2659
2659
2674
2674
2674
2674
2674
2679
2679
2679
2679
2679
2693
2693
2693
2693
2693
2693
2703
2703
2703
2703
2703
2697
2697
2697
2697
2697
2707
2707
2707
2707
2707
2707
2709
2709
2709
2709
2709
2703
2703
2703
2703
2703
2695
2695
2695
2695
2695
2695
2683
2683
2683
2683
2683
2684
2684
2684
2684
2684
2679
2679
2679
2679
2679
2679
2664
2664
2664
2664
2664
2654
2654
2654
2654
2654
2668
2668
2668
2668
2668
2668
2674
2674
2674
2674
2674
2659
2659
2659
2659
2659
2665
2665
2665
2665
2665
2665
2691
2691
2691
2691
2691
2682
2682
2682
2682
2682
2697
2697
2697
2697
2697
2697
2685
2685
2685
2685
2685
2686
2686
2686
2686
2686
2670
2670
2670
2670
2670
2670
2647
2647
2647
2647
2647
2629
2629
2629
2629
2629
2609
2609
2609
2609
2609
2609
2595
2595
2595
2595
2595
2575
2575
2575
2575
2575
2603
2603
2603
2603
2603
2603
2632
2632
2632
2632
2632
2665
2665
2665
2665
2665
2696
2696
2696
2696
2696
2696
2720
2720
2720
2720
2720
2754
2754
2754
2754
2754
2770
2770
2770
2770
2770
2770
2792
2792
2792
2792
2792
2783