2662
2662
2661
2661
2661
2661
2661
2651
2651
2651
2651
2651
2670
2670
2670
2670
2670
2670
2673
2673
2673
2673
2673
2656
2656
2656
2656
2656
2662
2662
2662
2662
2662
2662
2648
2648
2648
2648
2648
2667
2667
2667
2667
2667
2663
2663
2663
2663
2663
2663
2657
2657
2657
2657
2657
2674
2674
2674
2674
2674
2658
2658
2658
2658
2658
2658
2658
2658
2658
2658
2658
2648
2648
2648
2648
2648
2654
2654
2654
2654
2654
2654
2660
2660
2660
2660
2660
2666
2666
2666
2666
2666
2650
2650
2650
2650
2650
2650
2665
2665
2665
2665
2665
2662
2662
2662
2662
2662
2655
2655
2655
2655
2655
2655
2654
2654
2654
2654
2654
2649
2649
2649
2649
2649
2648
2648
2648
2648
2648
2648
2664
2664
2664
2664
2664
2645
2645
2645
2645
2645
2657
2657
2657
2657
2657
2657
2656
2656
2656
2656
2656
2652
2652
2652
2652
2652
2653
2653
2653
2653
2653
2653
2651
2651
2651
2651
2651
2661
2661
2661
2661
2661
2658
2658
2658
2658
2658
2658
2647
2647
2647
2647
2647
2663
2663
2663
2663
2663
2664
2664
2664
2664
2664
2664
2661
2661
2661
2661
2661
2657
2657
2657
2657
2657
2668
2668
2668
2668
2668
2668
2661
2661
2661
2661
2661
2663
2663
2663
2663
2663
2652
2652
2652
2652
2652
2652
2653
2653
2653
2653
2653
2659
2659
2659
2659
2659
2654
2654
2654
2654
2654
2654
2653
2653
2653
2653
2653
2654
2654
2654
2654
2654
2665
2665
2665
2665
2665
2665
2659
2659
2659
2659
2659
2647
2647
2647
2647
2647
2650
2650
2650
2650
2650
2650
2665
2665
2665
2665
2665
2658
2658
2658
2658
2658
2652
2652
2652
2652
2652
2652
2647
2647
2647
2647
2647
2652
2652
2652
2652
2652
2654
2654
2654
2654
2654
2654
2655
2655
2655
2655
2655
2659
2659
2659
2659
2659
2653
2653
2653
2653
2653
2653
2652
2652
2652
2652
2652
2646
2646
2646
2646
2646
2660
2660
2660
2660
2660
2660
2667
2667
2667
2667
2667
2653
2653
2653
2653
2653
2652
2652
2652
2652
2652
2652
2650
2650
2650
2650
2650
2660
2660
2660
2660
2660
2650
2650
2650
2650
2650
2650
2656
2656
2656
2656
2656
2652
2652
2652
2652
2652
2657
2657
2657
2657
2657
2657
2648
2648
2648
2648
2648
2651
2651
2651
2651
2651
2648
2648
2648
2648
2648
2648
2656
2656
2656
2656
2656
2657
2657
2657
2657
2657
2662
2662
2662
2662
2662
2662
2661
2661
2661
2661
2661
2651
2651
2651
2651
2651
2658
2658
2658
2658
2658
2658
2657
2657
2657
2657
2657
2651
2651
2651
2651
2651
2660
2660
2660
2660
2660
2660
2656
2656
2656
2656
2656
2649
2649
2649
2649
2649
2657
2657
2657
2657
2657
2657
2656
2656
2656
2656
2656
2653
2653
2653
2653
2653
2662
2662
2662
2662
2662
2662
2658
2658
2658
2658
2658
2661
2661
2661
2661
2661
2654
2654
2654
2654
2654
2654
2647
2647
2647
2647
2647
2652
2652
2652
2652
2652
2647
2647
2647
2647
2647
2647
2652
2652
2652
2652
2652
2659
2659
2659
2659
2659
2658
2658
2658
2658
2658
2658
2656
2656
2656
2656
2656
2648
2648
2648
2648
2648
2652
2652
2652
2652
2652
2652
2659
2659
2659
2659
2659
2650
2650
2650
2650
2650
2657
2657
2657
2657
2657
2657
2665
2665
2665
2665
2665
2647
2647
2647
2647
2647
2665
2665
2665
2665
2665
2665
2665
2665
2665
2665
2665
2655
2655
2655
2655
2655
2651
2651
2651
2651
2651
2651
2651
2651
2651
2651
2651
2655
2655
2655
2655
2655
2650
2650
2650
2650
2650
2650
2648
2648
2648
2648
2648
2667
2667
2667
2667
2667
2649
2649
2649
2649
2649
2649
2652
2652
2652
2652
2652
2660
2660
2660
2660
2660
2657
2657
2657
2657
2657
2657
2654
2654
2654
2654
2654
2661
2661
2661
2661
2661
2651
2651
2651
2651
2651
2651
2656
2656
2656
2656
2656
2651
2651
2651
2651
2651
2645
2645
2645
2645
2645
2645
2641
2641
2641
2641
2641
2634
2634
2634
2634
2634
2655
2655
2655
2655
2655
2655
2646
2646
2646
2646
2646
2642
2642
2642
2642
2642
2655
2655
2655
2655
2655
2655
2657
2657
2657
2657
2657
2652
2652
2652
2652
2652
2647
2647
2647
2647
2647
2647
2653
2653
2653
2653
2653
2653
2653
2653
2653
2653
2658
2658
2658
2658
2658
2658
2653
2653
2653
2653
2653
2662
2662
2662
2662
2662
2648
2648
2648
2648
2648
2648
2657
2657
2657
2657
2657
2641
2641
2641
2641
2641
2652
2652
2652
2652
2652
2652
2664
2664
2664
2664
2664
2653
2653
2653
2653
2653
2654
2654
2654
2654
2654
2654
2660
2660
2660
2660
2660
2665
2665
2665
2665
2665
2660
2660
2660
2660
2660
2660
2669
2669
2669
2669
2669
2660
2660
2660
2660
2660
2662
2662
2662
2662
2662
2662
2656
2656
2656
2656
2656
2663
2663
2663
2663
2663
2655
2655
2655
2655
2655
2655
2662
2662
2662
2662
2662
2660
2660
2660
2660
2660
2669
2669
2669
2669
2669
2669
2647
2647
2647
2647
2647
2662
2662
2662
2662
2662
2668
2668
2668
2668
2668
2668
2661
2661
2661
2661
2661
2651
2651
2651
2651
2651
2665
2665
2665
2665
2665
2665
2661
2661
2661
2661
2661
2667
2667
2667
2667
2667
2663
2663
2663
2663
2663
2663
2650
2650
2650
2650
2650
2664
2664
2664
2664
2664
2666
2666
2666
2666
2666
2666
2661
2661
2661
2661
2661
2663
2663
2663
2663
2663
2665
2665
2665
2665
2665
2665
2655
2655
2655
2655
2655
2650
2650
2650
2650
2650
2652
2652
2652
2652
2652
2652
2658
2658
2658
2658
2658
2655
2655
2655
2655
2655
2655
2655
2655
2655
2655
2655
2660
2660
2660
2660
2660
2656
2656
2656
2656
2656
2670
2670
2670
2670
2670
2670
2661
2661
2661
2661
2661
2647
2647
2647
2647
2647
2663
2663
2663
2663
2663
2663
2667
2667
2667
2667
2667
2667
2667
2667
2667
2667
2668
2668
2668
2668
2668
2668
2664
2664
2664
2664
2664
2670
2670
2670
2670
2670
2659
2659
2659
2659
2659
2659
2653
2653
2653
2653
2653
2663
2663
2663
2663
2663
2666
2666
2666
2666
2666
2666
2668
2668
2668
2668
2668
2665
2665
2665
2665
2665
2681
2681
2681
2681
2681
2681
2677
2677
2677
2677
2677
2673
2673
2673
2673
2673
2671
2671
2671
2671
2671
2671
2676
2676
2676
2676
2676
2674
2674
2674
2674
2674
2662
2662
2662
2662
2662
2662
2669
2669
2669
2669
2669
2664
2664
2664
2664
2664
2671
2671
2671
2671
2671
2671
2657
2657
2657
2657
2657
2655
2655
2655
2655
2655
2679
2679
2679
2679
2679
2679
2672
2672
2672
2672
2672
2666
2666
2666
2666
2666
2676
2676
2676
2676
2676
2676
2673
2673
2673
2673
2673
2675
2675
2675
2675
2675
2681
2681
2681
2681
2681
2681
2671
2671
2671
2671
2671
2667
2667
2667
2667
2667
2668
2668
2668
2668
2668
2668
2659
2659
2659
2659
2659
2666
2666
2666
2666
2666
2667
2667
2667
2667
2667
2667
2666
2666
2666
2666
2666
2668
2668
2668
2668
2668
2665
2665
2665
2665
2665
2665
2663
2663
2663
2663
2663
2666
2666
2666
2666
2666
2665
2665
2665
2665
2665
2665
2660
2660
2660
2660
2660
2679
2679
2679
2679
2679
2657
2657
2657
2657
2657
2657
2667
2667
2667
2667
2667
2652
2652
2652
2652
2652
2661
2661
2661
2661
2661
2661
2676
2676
2676
2676
2676
2674
2674
2674
2674
2674
2655
2655
2655
2655
2655
2655
2671
2671
2671
2671
2671
2675
2675
2675
2675
2675
2666
2666
2666
2666
2666
2666
2672
2672
2672
2672
2672
2679
2679
2679
2679
2679
2671
2671
2671
2671
2671
2671
2667
2667
2667
2667
2667
2672
2672
2672
2672
2672
2682
2682
2682
2682
2682
2682
2668
2668
2668
2668
2668
2672
2672
2672
2672
2672
2668
2668
2668
2668
2668
2668
2665
2665
2665
2665
2665
2674
2674
2674
2674
2674
2659
2659
2659
2659
2659
2659
2668
2668
2668
2668
2668
2681
2681
2681
2681
2681
2673
2673
2673
2673
2673
2673
2678
2678
2678
2678
2678
2672
2672
2672
2672
2672
2672
2672
2672
2672
2672
2672
2676
2676
2676
2676
2676
2675
2675
2675
2675
2675
2668
2668
2668
2668
2668
2668
2672
2672
2672
2672
2672
2677
2677
2677
2677
2677
2671
2671
2671
2671
2671
2671
2669
2669
2669
2669
2669
2662
2662
2662
2662
2662
2672
2672
2672
2672
2672
2672
2668
2668
2668
2668
2668
2678
2678
2678
2678
2678
2676
2676
2676
2676
2676
2676
2682
2682
2682
2682
2682
2662
2662
2662
2662
2662
2659
2659
2659
2659
2659
2659
2657
2657
2657
2657
2657
2668
2668
2668
2668
2668
2670
2670
2670
2670
2670
2670
2664
2664
2664
2664
2664
2666
2666
2666
2666
2666
2675
2675
2675
2675
2675
2675
2673
2673
2673
2673
2673
2662
2662
2662
2662
2662
2674
2674
2674
2674
2674
2674
2676
2676
2676
2676
2676
2670
2670
2670
2670
2670
2652
2652
2652
2652
2652
2652
2669
2669
2669
2669
2669
2680
2680
2680
2680
2680
2680
2680
2680
2680
2680
2680
2674
2674
2674
2674
2674
2665
2665
2665
2665
2665
2674
2674
2674
2674
2674
2674
2671
2671
2671
2671
2671
2677
2677
2677
2677
2677
2667
2667
2667
2667
2667
2667
2671
2671
2671
2671
2671
2671
2671
2671
2671
2671
2670
2670
2670
2670
2670
2670
2664
2664
2664
2664
2664
2667
2667
2667
2667
2667
2673
2673
2673
2673
2673
2673
2673
2673
2673
2673
2673
2667
2667
2667
2667
2667
2677
2677
2677
2677
2677
2677
2665
2665
2665
2665
2665
2666
2666
2666
2666
2666
2660
2660
2660
2660
2660
2660
2668
2668
2668
2668
2668
2671
2671
2671
2671
2671
2664
2664
2664
2664
2664
2664
2667
2667
2667
2667
2667
2671
2671
2671
2671
2671
2677
2677
2677
2677
2677
2677
2670
2670
2670
2670
2670
2669
2669
2669
2669
2669
2655
2655
2655
2655
2655
2655
2670
2670
2670
2670
2670
2668
2668
2668
2668
2668
2664
2664
2664
2664
2664
2664
2663
2663
2663
2663
2663
2674
2674
2674
2674
2674
2667
2667
2667
2667
2667
2667
2665
2665
2665
2665
2665
2653
2653
2653
2653
2653
2672
2672
2672
2672
2672
2672
2661
2661
2661
2661
2661
2658
2658
2658
2658
2658
2660
2660
2660
2660
2660
2660
2679
2679
2679
2679
2679
2681
2681
2681
2681
2681
2671
2671
2671
2671
2671
2671
2674
2674
2674
2674
2674
2669
2669
2669
2669
2669
2675
2675
2675
2675
2675
2675
2666
2666
2666
2666
2666
2682
2682
2682
2682
2682
2673
2673
2673
2673
2673
2673
2677
2677
2677
2677
2677
2668
2668
2668
2668
2668
2674
2674
2674
2674
2674
2674
2665
2665
2665
2665
2665
2686
2686
2686
2686
2686
2674
2674
2674
2674
2674
2674
2683
2683
2683
2683
2683
2683
2683
2683
2683
2683
2676
2676
2676
2676
2676
2676
2668
2668
2668
2668
2668
2659
2659
2659
2659
2659
2666
2666
2666
2666
2666
2666
2673
2673
2673
2673
2673
2669
2669
2669
2669
2669
2672
2672
2672
2672
2672
2672
2677
2677
2677
2677
2677
2658
2658
2658
2658
2658
2674
2674
2674
2674
2674
2674
2669
2669
2669
2669
2669
2669
2669
2669
2669
2669
2680
2680
2680
2680
2680
2680
2666
2666
2666
2666
2666
2678
2678
2678
2678
2678
2673
2673
2673
2673
2673
2673
2667
2667
2667
2667
2667
2676
2676
2676
2676
2676
2664
2664
2664
2664
2664
2664
2666
2666
2666
2666
2666
2668
2668
2668
2668
2668
2669
2669
2669
2669
2669
2669
2658
2658
2658
2658
2658
2690
2690
2690
2690
2690
2680
2680
2680
2680
2680
2680
2666
2666
2666
2666
2666
2667
2667
2667
2667
2667
2676
2676
2676
2676
2676
2676
2671
2671
2671
2671
2671
2666
2666
2666
2666
2666
2671
2671
2671
2671
2671
2671
2671
2671
2671
2671
2671
2678
2678
2678
2678
2678
2669
2669
2669
2669
2669
2669
2677
2677
2677
2677
2677
2659
2659
2659
2659
2659
2677
2677
2677
2677
2677
2677
2671
2671
2671
2671
2671
2674
2674
2674
2674
2674
2674
2674
2674
2674
2674
2674
2680
2680
2680
2680
2680
2669
2669
2669
2669
2669
2663
2663
2663
2663
2663
2663
2675
2675
2675
2675
2675
2672
2672
2672
2672
2672
2694
2694
2694
2694
2694
2694
2668
2668
2668
2668
2668
2682
2682
2682
2682
2682
2676
2676
2676
2676
2676
2676
2676
2676
2676
2676
2676
2669
2669
2669
2669
2669
2673
2673
2673
2673
2673
2673
2682
2682
2682
2682
2682
2672
2672
2672
2672
2672
2671
2671
2671
2671
2671
2671
2680
2680
2680
2680
2680
2672
2672
2672
2672
2672
2679
2679
2679
2679
2679
2679
2683
2683
2683
2683
2683
2685
2685
2685
2685
2685
2698
2698
2698
2698
2698
2698
2694
2694
2694
2694
2694
2675
2675
2675
2675
2675
2678
2678
2678
2678
2678
2678
2669
2669
2669
2669
2669
2662
2662
2662
2662
2662
2650
2650
2650
2650
2650
2650
2648
2648
2648
2648
2648
2654
2654
2654
2654
2654
2674
2674
2674
2674
2674
2674
2665
2665
2665
2665
2665
2678
2678
2678
2678
2678
2688
2688
2688
2688
2688
2688
2672
2672
2672
2672
2672
2693
2693
2693
2693
2693
2652
2652
2652
2652
2652
2652
2678
2678
2678
2678
2678
2660
2660
2660
2660
2660
2660
2660
2660
2660
2660
2660
2654
2654
2654
2654
2654
2668
2668
2668
2668
2668
2677
2677
2677
2677
2677
2677
2655
2655
2655
2655
2655
2665
2665
2665
2665
2665
2694
2694
2694
2694
2694
2694
2689
2689
2689
2689
2689
2676
2676
2676
2676
2676
2687
2687
2687
2687
2687
2687
2686
2686
2686
2686
2686
2684
2684
2684
2684
2684
2676
2676
2676
2676
2676
2676
2672
2672
2672
2672
2672
2659
2659
2659
2659
2659
2658
2658
2658
2658
2658
2658
2637
2637
2637
2637
2637
2644
2644
2644
2644
2644
2651
2651
2651
2651
2651
2651
2655
2655
2655
2655
2655
2641
2641
2641
2641
2641
2649
2649
2649
2649
2649
2649
2655
2655
2655
2655
2655
2639
2639
2639
2639
2639
2647
2647
2647
2647
2647
2647
2629
2629
2629
2629
2629
2637
2637
2637
2637
2637
2624
2624
2624
2624
2624
2624
2603
2603
2603
2603
2603
2562
2562
2562
2562
2562
2531
2531
2531
2531
2531
2531
2508
2508
2508
2508
2508
2499
2499
2499
2499
2499
2543
2543
2543
2543
2543
2543
2625
2625
2625
2625
2625
2751
2751
2751
2751
2751
2904
2904
2904
2904
2904
2904
3090
3090
3090
3090
3090
3246
3246
3246
3246
3246
3388
3388
3388
3388
3388
3388
3446
3446
3446
3446
3446
3438
3438
3438
3438
3438
3369
3369
3369
3369
3369
3369
3240
3240
3240
3240
3240
3072
3072
3072
3072
3072
2895
2895
2895
2895
2895
2895
2703
2703
2703
2703
2703
2542
2542
2542
2542
2542
2377
2377
2377
2377
2377
2377
2228
2228
2228
2228
2228
2098
2098
2098
2098
2098
1980
1980
1980
1980
1980
1980
1896
1896
1896
1896
1896
1817
1817
1817
1817
1817
1791
1791
1791
1791
1791
1791
1808
1808
1808
1808
1808
1872
1872
1872
1872
1872
1991
1991
1991
1991
1991
1991
2162
2162
2162
2162
2162
2376
2376
2376
2376
2376
2602
2602
2602
2602
2602
2602
2826
2826
2826
2826
2826
3035
3035
3035
3035
3035
3190
3190
3190
3190
3190
3190
3298
3298
3298
3298
3298
3350
3350
3350
3350
3350
3349
3349
3349
3349
3349
3349
3336
3336
3336
3336
3336
3277
3277
3277
3277
3277
3227
3227
3227
3227
3227
3227
3156
3156
3156
3156
3156
3118
3118
3118
3118
3118
3077
3077
3077
3077
3077
3077
3052
3052
3052
3052
3052
3022
3022
3022
3022
3022
3015
3015
3015
3015
3015
3015
2967
2967
2967
2967
2967
2925
2925
2925
2925
2925
2861
2861
2861
2861
2861
2861
2795
2795
2795
2795
2795
2674
2674
2674
2674
2674
2568
2568
2568
2568
2568
2568
2443
2443
2443
2443
2443
2322
2322
2322
2322
2322
2192
2192
2192
2192
2192
2192
2083
2083
2083
2083
2083
2003
2003
2003
2003
2003
1948
1948
1948
1948
1948
1948
1929
1929
1929
1929
1929
1919
1919
1919
1919
1919
1974
1974
1974
1974
1974
1974
2040
2040
2040
2040
2040
2123
2123
2123
2123
2123
2212
2212
2212
2212
2212
2212
2334
2334
2334
2334
2334
2467
2467
2467
2467
2467
2586
2586
2586
2586
2586
2586
2704
2704
2704
2704
2704
2816
2816
2816
2816
2816
2914
2914
2914
2914
2914
2914
3007
3007
3007
3007
3007
3094
3094
3094
3094
3094
3169
3169
3169
3169
3169
3169
3239
3239
3239
3239
3239
3307
3307
3307
3307
3307
3340
3340
3340
3340
3340
3340
3364
3364
3364
3364
3364
3381
3381
3381
3381
3381
3356
3356
3356
3356
3356
3356
3316
3316
3316
3316
3316
3246
3246
3246
3246
3246
3166
3166
3166
3166
3166
3166
3061
3061
3061
3061
3061
2956
2956
2956
2956
2956
2854
2854
2854
2854
2854
2854
2772
2772
2772
2772
2772
2689
2689
2689
2689
2689
2625
2625
2625
2625
2625
2625
2573
2573
2573
2573
2573
2534
2534
2534
2534
2534
2498
2498
2498
2498
2498
2498
2451
2451
2451
2451
2451
2402
2402
2402
2402
2402
2358
2358
2358
2358
2358
2358
2306
2306
2306
2306
2306
2256
2256
2256
2256
2256
2206
2206
2206
2206
2206
2206
2172
2172
2172
2172
2172
2161
2161
2161
2161
2161
2157
2157
2157
2157
2157
2157
2155
2155
2155
2155
2155
2205
2205
2205
2205
2205
2251
2251
2251
2251
2251
2251
2327
2327
2327
2327
2327
2397
2397
2397
2397
2397
2500
2500
2500
2500
2500
2500
2598
2598
2598
2598
2598
2685
2685
2685
2685
2685
2769
2769
2769
2769
2769
2769
2854
2854
2854
2854
2854
2897
2897
2897
2897
2897
2942
2942
2942
2942
2942
2942
2967
2967
2967
2967
2967
3003
3003
3003
3003
3003
3016
3016
3016
3016
3016
3016
3038
3038
3038
3038
3038
3061
3061
3061
3061
3061
3090
3090
3090
3090
3090
3090
3102
3102
3102
3102
3102
3117
3117
3117
3117
3117
3117
3117
3117
3117
3117
3117
3109
3109
3109
3109
3109
3083
3083
3083
3083
3083
3052
3052
3052
3052
3052
3052
2980
2980
2980
2980
2980
2915
2915
2915
2915
2915
2824
2824
2824
2824
2824
2824
2728
2728
2728
2728
2728
2628
2628
2628
2628
2628
2566
2566
2566
2566
2566
2566
2499
2499
2499
2499
2499
2443
2443
2443
2443
2443
2401
2401
2401
2401
2401
2401
2382
2382
2382
2382
2382
2369
2369
2369
2369
2369
2352
2352
2352
2352
2352
2352
2361
2361
2361
2361
2361
2363
2363
2363
2363
2363
2367
2367
2367
2367
2367
2367
2378
2378
2378
2378
2378
2385
2385
2385
2385
2385
2419
2419
2419
2419
2419
2419
2423
2423
2423
2423
2423
2451
2451
2451
2451
2451
2495
2495
2495
2495
2495
2495
2539
2539
2539
2539
2539
2601
2601
2601
2601
2601
2676
2676
2676
2676
2676
2676
2734
2734
2734
2734
2734
2801
2801
2801
2801
2801
2854
2854
2854
2854
2854
2854
2874
2874
2874
2874
2874
2890
2890
2890
2890
2890
2891
2891
2891
2891
2891
2891
2897
2897
2897
2897
2897
2888
2888
2888
2888
2888
2881
2881
2881
2881
2881
2881
2896
2896
2896
2896
2896
2890
2890
2890
2890
2890
2890
2890
2890
2890
2890
2890
2880
2880
2880
2880
2880
2884
2884
2884
2884
2884
2878
2878
2878
2878
2878
2878
2871
2871
2871
2871
2871
2848
2848
2848
2848
2848
2830
2830
2830
2830
2830
2830
2797
2797
2797
2797
2797
2761
2761
2761
2761
2761
2718
2718
2718
2718
2718
2718
2662
2662
2662
2662
2662
2640
2640
2640
2640
2640
2603
2603
2603
2603
2603
2603
2574
2574
2574
2574
2574
2568
2568
2568
2568
2568
2557
2557
2557
2557
2557
2557
2547
2547
2547
2547
2547
2563
2563
2563
2563
2563
2568
2568
2568
2568
2568
2568
2587
2587
2587
2587
2587
2578
2578
2578
2578
2578
2575
2575
2575
2575
2575
2575
2570
2570
2570
2570
2570
2560
2560
2560
2560
2560
2542
2542
2542
2542
2542
2542
2542
2542
2542
2542
2542
2547
2547
2547
2547
2547
2558
2558
2558
2558
2558
2558
2584
2584
2584
2584
2584
2611
2611
2611
2611
2611
2640
2640
2640
2640
2640
2640
2658
2658
2658
2658
2658
2688
2688
2688
2688
2688
2702
2702
2702
2702
2702
2702
2718
2718
2718
2718
2718
2748
2748
2748
2748
2748
2763
2763
2763
2763
2763
2763
2784
2784
2784
2784
2784
2792
2792
2792
2792
2792
2806
2806
2806
2806
2806
2806
2803
2803
2803
2803
2803
2800
2800
2800
2800
2800
2808
2808
2808
2808
2808
2808
2816
2816
2816
2816
2816
2821
2821
2821
2821
2821
2805
2805
2805
2805
2805
2805
2823
2823
2823
2823
2823
2820
2820
2820
2820
2820
2795
2795
2795
2795
2795
2795
2774
2774
2774
2774
2774
2736
2736
2736
2736
2736
2695
2695
2695
2695
2695
2695
2668
2668
2668
2668
2668
2636
2636
2636
2636
2636
2614
2614
2614
2614
2614
2614
2612
2612
2612
2612
2612
2610
2610
2610
2610
2610
2627
2627
2627
2627
2627
2627
2625
2625
2625
2625
2625
2613
2613
2613
2613
2613
2634
2634
2634
2634
2634
2634
2622
2622
2622
2622
2622
2615
2615
2615
2615
2615
2597
2597
2597
2597
2597
2597
2596
2596
2596
2596
2596
2587
2587
2587
2587
2587
2581
2581
2581
2581
2581
2581
2591
2591
2591
2591
2591
2607
2607
2607
2607
2607
2619
2619
2619
2619
2619
2619
2627
2627
2627
2627
2627
2645
2645
2645
2645
2645
2664
2664
2664
2664
2664
2664
2687
2687
2687
2687
2687
2694
2694
2694
2694
2694
2712
2712
2712
2712
2712
2712
2731
2731
2731
2731
2731
2746
2746
2746
2746
2746
2742
2742
2742
2742
2742
2742
2744
2744
2744
2744
2744
2741
2741
2741
2741
2741
2716
2716
2716
2716
2716
2716
2723
2723
2723
2723
2723
2705
2705
2705
2705
2705
2712
2712
2712
2712
2712
2712
2728
2728
2728
2728
2728
2727
2727
2727
2727
2727
2752
2752
2752
2752
2752
2752
2787
2787
2787
2787
2787
2779
2779
2779
2779
2779
2775
2775
2775
2775
2775
2775
2761
2761
2761
2761
2761
2729
2729
2729
2729
2729
2718
2718
2718
2718
2718
2718
2703
2703
2703
2703
2703
2691
2691
2691
2691
2691
2684
2684
2684
2684
2684
2684
2688
2688
2688
2688
2688
2710
2710
2710
2710
2710
2711
2711
2711
2711
2711
2711
2721
2721
2721
2721
2721
2723
2723
2723
2723
2723
2708
2708
2708
2708
2708
2708
2684
2684
2684
2684
2684
2662
2662
2662
2662
2662
2637
2637
2637
2637
2637
2637
2611
2611
2611
2611
2611
2618
2618
2618
2618
2618
2611
2611
2611
2611
2611
2611
2610
2610
2610
2610
2610
2621
2621
2621
2621
2621
2627
2627
2627
2627
2627
2627
2632
2632
2632
2632
2632
2634
2634
2634
2634
2634
2647
2647
2647
2647
2647
2647
2631
2631
2631
2631
2631
2634
2634
2634
2634
2634
2645
2645
2645
2645
2645
2645
2661
2661
2661
2661
2661
2669
2669
2669
2669
2669
2697
2697
2697
2697
2697
2697
2711
2711
2711
2711
2711
2711
2711
2711
2711
2711
2713
2713
2713
2713
2713
2713
2721
2721
2721
2721
2721
2715
2715
2715
2715
2715
2708
2708
2708
2708
2708
2708
2715
2715
2715
2715
2715
2734
2734
2734
2734
2734
2759
2759
2759
2759
2759
2759
2761
2761
2761
2761
2761
2762
2762
2762
2762
2762
2773
2773
2773
2773
2773
2773
2760
2760
2760
2760
2760
2758
2758
2758
2758
2758
2722
2722
2722
2722
2722
2722
2718
2718
2718
2718
2718
2692
2692
2692
2692
2692
2675
2675
2675
2675
2675
2675
2677
2677
2677
2677
2677
2682
2682
2682
2682
2682
2690
2690
2690
2690
2690
2690
2700
2700
2700
2700
2700
2701
2701
2701
2701
2701
2703
2703
2703
2703
2703
2703
2700
2700
2700
2700
2700
2672
2672
2672
2672
2672
2666
2666
2666
2666
2666
2666
2642
2642
2642
2642
2642
2653
2653
2653
2653
2653
2642
2642
2642
2642
2642
2642
2641
2641
2641
2641
2641
2639
2639
2639
2639
2639
2647
2647
2647
2647
2647
2647
2644
2644
2644
2644
2644
2651
2651
2651
2651
2651
2660
2660
2660
2660
2660
2660
2652
2652
2652
2652
2652
2648
2648
2648
2648
2648
2643
2643
2643
2643
2643
2643
2655
2655
2655
2655
2655
2648
2648
2648
2648
2648
2676
2676
2676
2676
2676
2676
2687
2687
2687
2687
2687
2690
2690
2690
2690
2690
2719
2719
2719
2719
2719
2719
2710
2710
2710
2710
2710
2720
2720
2720
2720
2720
2721
2721
2721
2721
2721
2721
2710
2710
2710
2710
2710
2720
2720
2720
2720
2720
2724
2724
2724
2724
2724
2724
2722
2722
2722
2722
2722
2727
2727
2727
2727
2727
2726
2726
2726
2726
2726
2726
2726
2726
2726
2726
2726
2724
2724
2724
2724
2724
2703
2703
2703
2703
2703
2703
2692
2692
2692
2692
2692
2678
2678
2678
2678
2678
2656
2656
2656
2656
2656
2656
2658
2658
2658
2658
2658
2650
2650
2650
2650
2650
2664
2664
2664
2664
2664
2664
2665
2665
2665
2665
2665
2674
2674
2674
2674
2674
2674
2674
2674
2674
2674
2674
2686
2686
2686
2686
2686
2670
2670
2670
2670
2670
2679
2679
2679
2679
2679
2679
2666
2666
2666
2666
2666
2659
2659
2659
2659
2659
2643
2643
2643
2643
2643
2643
2656
2656
2656
2656
2656
2639
2639
2639
2639
2639
2639
2639
2639
2639
2639
2639
2647
2647
2647
2647
2647
2653
2653
2653
2653
2653
2665
2665
2665
2665
2665
2665
2684
2684
2684
2684
2684
2692
2692
2692
2692
2692
2693
2693
2693
2693
2693
2693
2714
2714
2714
2714
2714
2699
2699
2699
2699
2699
2706
2706
2706
2706
2706
2706
2696
2696
2696
2696
2696
2718
2718
2718
2718
2718
2695
2695
2695
2695
2695
2695
2698
2698
2698
2698
2698
2702
2702
2702
2702
2702
2691
2691
2691
2691
2691
2691
2691
2691
2691
2691
2691
2685
2685
2685
2685
2685
2674
2674
2674
2674
2674
2674
2679
2679
2679
2679
2679
2672
2672
2672
2672
2672
2664
2664
2664
2664
2664
2664
2673
2673
2673
2673
2673
2683
2683
2683
2683
2683
2678
2678
2678
2678
2678
2678
2677
2677
2677
2677
2677
2679
2679
2679
2679
2679
2672
2672
2672
2672
2672
2672
2684
2684
2684
2684
2684
2659
2659
2659
2659
2659
2673
2673
2673
2673
2673
2673
2668
2668
2668
2668
2668
2677
2677
2677
2677
2677
2677
2677
2677
2677
2677
2677
2675
2675
2675
2675
2675
2686
2686
2686
2686
2686
2690
2690
2690
2690
2690
2690
2686
2686
2686
2686
2686
2690
2690
2690
2690
2690
2697
2697
2697
2697
2697
2697
2693
2693
2693
2693
2693
2675
2675
2675
2675
2675
2678
2678
2678
2678
2678
2678
2691
2691
2691
2691
2691
2691
2691
2691
2691
2691
2688
2688
2688
2688
2688
2688
2693
2693
2693
2693
2693
2703
2703
2703
2703
2703
2695
2695
2695
2695
2695
2695
2704
2704
2704
2704
2704
2693
2693
2693
2693
2693
2686
2686
2686
2686
2686
2686
2685
2685
2685
2685
2685
2679
2679
2679
2679
2679
2672
2672
2672
2672
2672
2672
2669
2669
2669
2669
2669
2674
2674
2674
2674
2674
2666
2666
2666
2666
2666
2666
2664
2664
2664
2664
2664
2671
2671
2671
2671
2671
2663
2663
2663
2663
2663
2663
2678
2678
2678
2678
2678
2679
2679
2679
2679
2679
2680
2680
2680
2680
2680
2680
2678
2678
2678
2678
2678
2670
2670
2670
2670
2670
2658
2658
2658
2658
2658
2658
2669
2669
2669
2669
2669
2671
2671
2671
2671
2671
2680
2680
2680
2680
2680
2680
2678
2678
2678
2678
2678
2714
2714
2714
2714
2714
2696
2696
2696
2696
2696
2696
2709
2709
2709
2709
2709
2699
2699
2699
2699
2699
2697
2697
2697
2697
2697
2697
2692
2692
2692
2692
2692
2672
2672
2672
2672
2672
2683
2683
2683
2683
2683
2683
2672
2672
2672
2672
2672
2676
2676
2676
2676
2676
2665
2665
2665
2665
2665
2665
2662
2662
2662
2662
2662
2647
2647
2647
2647
2647
2658
2658
2658
2658
2658
2658
2655
2655
2655
2655
2655
2651
2651
2651
2651
2651
2652
2652
2652
2652
2652
2652
2664
2664
2664
2664
2664
2660
2660
2660
2660
2660
2663
2663
2663
2663
2663
2663
2672
2672
2672
2672
2672
2674
2674
2674
2674
2674
2687
2687
2687
2687
2687
2687
2664
2664
2664
2664
2664
2678
2678
2678
2678
2678
2674
2674
2674
2674
2674
2674
2674
2674
2674
2674
2674
2673
2673
2673
2673
2673
2667
2667
2667
2667
2667
2667
2672
2672
2672
2672
2672
2668
2668
2668
2668
2668
2665
2665
2665
2665
2665
2665
2663
2663
2663
2663
2663
2676
2676
2676
2676
2676
2675
2675
2675
2675
2675
2675
2700
2700
2700
2700
2700
2706
2706
2706
2706
2706
2704
2704
2704
2704
2704
2704
2711
2711
2711
2711
2711
2719
2719
2719
2719
2719
2701
2701
2701
2701
2701
2701
2711
2711
2711
2711
2711
2712
2712
2712
2712
2712
2710
2710
2710
2710
2710
2710
2700
2700
2700
2700
2700
2695
2695
2695
2695
2695
2708
2708
2708
2708
2708
2708
2715
2715
2715
2715
2715
2706
2706
2706
2706
2706
2713
2713
2713
2713
2713
2713
2698
2698
2698
2698
2698
2679
2679
2679
2679
2679
2678
2678
2678
2678
2678
2678
2664
2664
2664
2664
2664
2652
2652
2652
2652
2652
2645
2645
2645
2645
2645
2645
2638
2638
2638
2638
2638
2651
2651
2651
2651
2651
2655
2655
2655
2655
2655
2655
2664
2664
2664
2664