3083
3083
3083
3083
3108
3108
3108
3108
3108
3108
3146
3146
3146
3146
3146
3110
3110
3110
3110
3110
3132
3132
3132
3132
3132
3132
3141
3141
3141
3141
3141
3104
3104
3104
3104
3104
3093
3093
3093
3093
3093
3093
3135
3135
3135
3135
3135
3087
3087
3087
3087
3087
3114
3114
3114
3114
3114
3114
3118
3118
3118
3118
3118
3109
3109
3109
3109
3109
3135
3135
3135
3135
3135
3135
3065
3065
3065
3065
3065
3121
3121
3121
3121
3121
3130
3130
3130
3130
3130
3130
3097
3097
3097
3097
3097
3113
3113
3113
3113
3113
3100
3100
3100
3100
3100
3100
3125
3125
3125
3125
3125
3112
3112
3112
3112
3112
3092
3092
3092
3092
3092
3092
3098
3098
3098
3098
3098
3124
3124
3124
3124
3124
3106
3106
3106
3106
3106
3106
3078
3078
3078
3078
3078
3114
3114
3114
3114
3114
3123
3123
3123
3123
3123
3123
3100
3100
3100
3100
3100
3076
3076
3076
3076
3076
3081
3081
3081
3081
3081
3081
3092
3092
3092
3092
3092
3142
3142
3142
3142
3142
3116
3116
3116
3116
3116
3116
3154
3154
3154
3154
3154
3095
3095
3095
3095
3095
3126
3126
3126
3126
3126
3126
3127
3127
3127
3127
3127
3117
3117
3117
3117
3117
3090
3090
3090
3090
3090
3090
3106
3106
3106
3106
3106
3094
3094
3094
3094
3094
3125
3125
3125
3125
3125
3125
3122
3122
3122
3122
3122
3103
3103
3103
3103
3103
3103
3103
3103
3103
3103
3103
3087
3087
3087
3087
3087
3099
3099
3099
3099
3099
3107
3107
3107
3107
3107
3107
3139
3139
3139
3139
3139
3105
3105
3105
3105
3105
3123
3123
3123
3123
3123
3123
3101
3101
3101
3101
3101
3101
3101
3101
3101
3101
3119
3119
3119
3119
3119
3119
3115
3115
3115
3115
3115
3121
3121
3121
3121
3121
3105
3105
3105
3105
3105
3105
3141
3141
3141
3141
3141
3122
3122
3122
3122
3122
3101
3101
3101
3101
3101
3101
3128
3128
3128
3128
3128
3089
3089
3089
3089
3089
3096
3096
3096
3096
3096
3096
3108
3108
3108
3108
3108
3097
3097
3097
3097
3097
3115
3115
3115
3115
3115
3115
3111
3111
3111
3111
3111
3091
3091
3091
3091
3091
3127
3127
3127
3127
3127
3127
3093
3093
3093
3093
3093
3118
3118
3118
3118
3118
3127
3127
3127
3127
3127
3127
3123
3123
3123
3123
3123
3109
3109
3109
3109
3109
3121
3121
3121
3121
3121
3121
3105
3105
3105
3105
3105
3108
3108
3108
3108
3108
3097
3097
3097
3097
3097
3097
3119
3119
3119
3119
3119
3091
3091
3091
3091
3091
3108
3108
3108
3108
3108
3108
3096
3096
3096
3096
3096
3090
3090
3090
3090
3090
3141
3141
3141
3141
3141
3141
3098
3098
3098
3098
3098
3112
3112
3112
3112
3112
3128
3128
3128
3128
3128
3128
3116
3116
3116
3116
3116
3148
3148
3148
3148
3148
3157
3157
3157
3157
3157
3157
3113
3113
3113
3113
3113
3114
3114
3114
3114
3114
3094
3094
3094
3094
3094
3094
3070
3070
3070
3070
3070
3084
3084
3084
3084
3084
3059
3059
3059
3059
3059
3059
3097
3097
3097
3097
3097
3112
3112
3112
3112
3112
3064
3064
3064
3064
3064
3064
3139
3139
3139
3139
3139
3121
3121
3121
3121
3121
3139
3139
3139
3139
3139
3139
3130
3130
3130
3130
3130
3151
3151
3151
3151
3151
3135
3135
3135
3135
3135
3135
3153
3153
3153
3153
3153
3132
3132
3132
3132
3132
3112
3112
3112
3112
3112
3112
3058
3058
3058
3058
3058
3046
3046
3046
3046
3046
3104
3104
3104
3104
3104
3104
3094
3094
3094
3094
3094
3126
3126
3126
3126
3126
3065
3065
3065
3065
3065
3065
3151
3151
3151
3151
3151
3130
3130
3130
3130
3130
3140
3140
3140
3140
3140
3140
3109
3109
3109
3109
3109
3127
3127
3127
3127
3127
3118
3118
3118
3118
3118
3118
3111
3111
3111
3111
3111
3053
3053
3053
3053
3053
3041
3041
3041
3041
3041
3041
3022
3022
3022
3022
3022
3024
3024
3024
3024
3024
3010
3010
3010
3010
3010
3010
3036
3036
3036
3036
3036
3076
3076
3076
3076
3076
3040
3040
3040
3040
3040
3040
3079
3079
3079
3079
3079
3092
3092
3092
3092
3092
3080
3080
3080
3080
3080
3080
3043
3043
3043
3043
3043
3008
3008
3008
3008
3008
3007
3007
3007
3007
3007
3007
2928
2928
2928
2928
2928
2845
2845
2845
2845
2845
2794
2794
2794
2794
2794
2794
2730
2730
2730
2730
2730
2696
2696
2696
2696
2696
2806
2806
2806
2806
2806
2806
2946
2946
2946
2946
2946
3248
3248
3248
3248
3248
3659
3659
3659
3659
3659
3659
4051
4051
4051
4051
4051
4095
4095
4095
4095
4095
4095
4095
4095
4095
4095
4095
4095
4095
4095
4095
4095
4095
4095
4095
4095
4095
4095
4095
4095
4095
4095
4095
4095
4095
4095
4095
4095
3970
3970
3970
3970
3970
3380
3380
3380
3380
3380
3380
2778
2778
2778
2778
2778
2300
2300
2300
2300
2300
1933
1933
1933
1933
1933
1933
1670
1670
1670
1670
1670
1563
1563
1563
1563
1563
1430
1430
1430
1430
1430
1430
1390
1390
1390
1390
1390
1373
1373
1373
1373
1373
1419
1419
1419
1419
1419
1419
1509
1509
1509
1509
1509
1657
1657
1657
1657
1657
1933
1933
1933
1933
1933
1933
2400
2400
2400
2400
2400
2983
2983
2983
2983
2983
3588
3588
3588
3588
3588
3588
4095
4095
4095
4095
4095
4095
4095
4095
4095
4095
4095
4095
4095
4095
4095
4095
4095
4095
4095
4095
4095
4095
4095
4095
4095
4095
4095
4095
4095
4095
4095
4095
4095
4095
4095
4095
4095
4095
4095
4095
4095
4095
3823
3823
3823
3823
3823
3823
3456
3456
3456
3456
3456
3158
3158
3158
3158
3158
3011
3011
3011
3011
3011
3011
2978
2978
2978
2978
2978
3084
3084
3084
3084
3084
3210
3210
3210
3210
3210
3210
3469
3469
3469
3469
3469
3647
3647
3647
3647
3647
3718
3718
3718
3718
3718
3718
3644
3644
3644
3644
3644
3448
3448
3448
3448
3448
3176
3176
3176
3176
3176
3176
2753
2753
2753
2753
2753
2356
2356
2356
2356
2356
2006
2006
2006
2006
2006
2006
1771
1771
1771
1771
1771
1620
1620
1620
1620
1620
1567
1567
1567
1567
1567
1567
1681
1681
1681
1681
1681
1790
1790
1790
1790
1790
1914
1914
1914
1914
1914
1914
2086
2086
2086
2086
2086
2291
2291
2291
2291
2291
2479
2479
2479
2479
2479
2479
2646
2646
2646
2646
2646
2856
2856
2856
2856
2856
3071
3071
3071
3071
3071
3071
3363
3363
3363
3363
3363
3659
3659
3659
3659
3659
3976
3976
3976
3976
3976
3976
4095
4095
4095
4095
4095
4095
4095
4095
4095
4095
4095
4095
4095
4095
4095
4095
4095
4095
4095
4095
4095
4095
4095
4095
4095
4095
4095
4095
4095
4095
4095
4095
4095
4095
4095
4095
4095
4095
4095
4095
4095
4095
4095
4095
4095
4095
4095
4095
4011
4011
4011
4011
4011
3858
3858
3858
3858
3858
3710
3710
3710
3710
3710
3710
3564
3564
3564
3564
3564
3375
3375
3375
3375
3375
3154
3154
3154
3154
3154
3154
3027
3027
3027
3027
3027
2858
2858
2858
2858
2858
2790
2790
2790
2790
2790
2790
2742
2742
2742
2742
2742
2726
2726
2726
2726
2726
2772
2772
2772
2772
2772
2772
2792
2792
2792
2792
2792
2799
2799
2799
2799
2799
2694
2694
2694
2694
2694
2694
2618
2618
2618
2618
2618
2485
2485
2485
2485
2485
2382
2382
2382
2382
2382
2382
2220
2220
2220
2220
2220
2142
2142
2142
2142
2142
2078
2078
2078
2078
2078
2078
2096
2096
2096
2096
2096
2213
2213
2213
2213
2213
2372
2372
2372
2372
2372
2372
2594
2594
2594
2594
2594
2812
2812
2812
2812
2812
3068
3068
3068
3068
3068
3068
3284
3284
3284
3284
3284
3453
3453
3453
3453
3453
3571
3571
3571
3571
3571
3571
3712
3712
3712
3712
3712
3802
3802
3802
3802
3802
3879
3879
3879
3879
3879
3879
3916
3916
3916
3916
3916
3945
3945
3945
3945
3945
3944
3944
3944
3944
3944
3944
3981
3981
3981
3981
3981
3926
3926
3926
3926
3926
3881
3881
3881
3881
3881
3881
3806
3806
3806
3806
3806
3774
3774
3774
3774
3774
3719
3719
3719
3719
3719
3719
3696
3696
3696
3696
3696
3645
3645
3645
3645
3645
3569
3569
3569
3569
3569
3569
3480
3480
3480
3480
3480
3401
3401
3401
3401
3401
3266
3266
3266
3266
3266
3266
3160
3160
3160
3160
3160
2977
2977
2977
2977
2977
2838
2838
2838
2838
2838
2838
2715
2715
2715
2715
2715
2648
2648
2648
2648
2648
2495
2495
2495
2495
2495
2495
2497
2497
2497
2497
2497
2466
2466
2466
2466
2466
2502
2502
2502
2502
2502
2502
2576
2576
2576
2576
2576
2630
2630
2630
2630
2630
2741
2741
2741
2741
2741
2741
2782
2782
2782
2782
2782
2820
2820
2820
2820
2820
2841
2841
2841
2841
2841
2841
2894
2894
2894
2894
2894
2920
2920
2920
2920
2920
2952
2952
2952
2952
2952
2952
2976
2976
2976
2976
2976
3066
3066
3066
3066
3066
3173
3173
3173
3173
3173
3173
3272
3272
3272
3272
3272
3376
3376
3376
3376
3376
3503
3503
3503
3503
3503
3503
3590
3590
3590
3590
3590
3670
3670
3670
3670
3670
3642
3642
3642
3642
3642
3642
3632
3632
3632
3632
3632
3608
3608
3608
3608
3608
3517
3517
3517
3517
3517
3517
3513
3513
3513
3513
3513
3446
3446
3446
3446
3446
3389
3389
3389
3389
3389
3389
3417
3417
3417
3417
3417
3439
3439
3439
3439
3439
3450
3450
3450
3450
3450
3450
3446
3446
3446
3446
3446
3437
3437
3437
3437
3437
3397
3397
3397
3397
3397
3397
3343
3343
3343
3343
3343
3235
3235
3235
3235
3235
3176
3176
3176
3176
3176
3176
3065
3065
3065
3065
3065
2981
2981
2981
2981
2981
2953
2953
2953
2953
2953
2953
2905
2905
2905
2905
2905
2924
2924
2924
2924
2924
2880
2880
2880
2880
2880
2880
2872
2872
2872
2872
2872
2910
2910
2910
2910
2910
2948
2948
2948
2948
2948
2948
2934
2934
2934
2934
2934
2957
2957
2957
2957
2957
2997
2997
2997
2997
2997
2997
2979
2979
2979
2979
2979
3037
3037
3037
3037
3037
3024
3024
3024
3024
3024
3024
3040
3040
3040
3040
3040
3031
3031
3031
3031
3031
3044
3044
3044
3044
3044
3044
3053
3053
3053
3053
3053
3112
3112
3112
3112
3112
3102
3102
3102
3102
3102
3102
3140
3140
3140
3140
3140
3118
3118
3118
3118
3118
3186
3186
3186
3186
3186
3186
3192
3192
3192
3192
3192
3250
3250
3250
3250
3250
3297
3297
3297
3297
3297
3297
3383
3383
3383
3383
3383
3393
3393
3393
3393
3393
3410
3410
3410
3410
3410
3410
3433
3433
3433
3433
3433
3443
3443
3443
3443
3443
3444
3444
3444
3444
3444
3444
3422
3422
3422
3422
3422
3432
3432
3432
3432
3432
3387
3387
3387
3387
3387
3387
3328
3328
3328
3328
3328
3283
3283
3283
3283
3283
3240
3240
3240
3240
3240
3240
3184
3184
3184
3184
3184
3142
3142
3142
3142
3142
3096
3096
3096
3096
3096
3096
3027
3027
3027
3027
3027
3042
3042
3042
3042
3042
3003
3003
3003
3003
3003
3003
3025
3025
3025
3025
3025
2987
2987
2987
2987
2987
3034
3034
3034
3034
3034
3034
3032
3032
3032
3032
3032
3057
3057
3057
3057
3057
3097
3097
3097
3097
3097
3097
3060
3060
3060
3060
3060
3073
3073
3073
3073
3073
3090
3090
3090
3090
3090
3090
3072
3072
3072
3072
3072
3047
3047
3047
3047
3047
3083
3083
3083
3083
3083
3083
3073
3073
3073
3073
3073
3036
3036
3036
3036
3036
3049
3049
3049
3049
3049
3049
3090
3090
3090
3090
3090
3092
3092
3092
3092
3092
3183
3183
3183
3183
3183
3183
3177
3177
3177
3177
3177
3204
3204
3204
3204
3204
3223
3223
3223
3223
3223
3223
3213
3213
3213
3213
3213
3226
3226
3226
3226
3226
3238
3238
3238
3238
3238
3238
3273
3273
3273
3273
3273
3229
3229
3229
3229
3229
3222
3222
3222
3222
3222
3222
3279
3279
3279
3279
3279
3268
3268
3268
3268
3268
3278
3278
3278
3278
3278
3278
3306
3306
3306
3306
3306
3330
3330
3330
3330
3330
3326
3326
3326
3326
3326
3326
3332
3332
3332
3332
3332
3267
3267
3267
3267
3267
3243
3243
3243
3243
3243
3243
3220
3220
3220
3220
3220
3170
3170
3170
3170
3170
3185
3185
3185
3185
3185
3185
3195
3195
3195
3195
3195
3186
3186
3186
3186
3186
3181
3181
3181
3181
3181
3181
3183
3183
3183
3183
3183
3164
3164
3164
3164
3164
3229
3229
3229
3229
3229
3229
3192
3192
3192
3192
3192
3136
3136
3136
3136
3136
3152
3152
3152
3152
3152
3152
3166
3166
3166
3166
3166
3072
3072
3072
3072
3072
3078
3078
3078
3078
3078
3078
3049
3049
3049
3049
3049
3077
3077
3077
3077
3077
3078
3078
3078
3078
3078
3078
3043
3043
3043
3043
3043
3055
3055
3055
3055
3055
3033
3033
3033
3033
3033
3033
3069
3069
3069
3069
3069
3086
3086
3086
3086
3086
3104
3104
3104
3104
3104
3104
3137
3137
3137
3137
3137
3105
3105
3105
3105
3105
3158
3158
3158
3158
3158
3158
3149
3149
3149
3149
3149
3169
3169
3169
3169
3169
3162
3162
3162
3162
3162
3162
3202
3202
3202
3202
3202
3191
3191
3191
3191
3191
3275
3275
3275
3275
3275
3275
3232
3232
3232
3232
3232
3263
3263
3263
3263
3263
3303
3303
3303
3303
3303
3303
3286
3286
3286
3286
3286
3281
3281
3281
3281
3281
3279
3279
3279
3279
3279
3279
3295
3295
3295
3295
3295
3262
3262
3262
3262
3262
3282
3282
3282
3282
3282
3282
3236
3236
3236
3236
3236
3233
3233
3233
3233
3233
3216
3216
3216
3216
3216
3216
3238
3238
3238
3238
3238
3197
3197
3197
3197
3197
3181
3181
3181
3181
3181
3181
3157
3157
3157
3157
3157
3145
3145
3145
3145
3145
3135
3135
3135
3135
3135
3135
3117
3117
3117
3117
3117
3139
3139
3139
3139
3139
3165
3165
3165
3165
3165
3165
3135
3135
3135
3135
3135
3160
3160
3160
3160
3160
3177
3177
3177
3177
3177
3177
3178
3178
3178
3178
3178
3140
3140
3140
3140
3140
3108
3108
3108
3108
3108
3108
3110
3110
3110
3110
3110
3045
3045
3045
3045
3045
3091
3091
3091
3091
3091
3091
3077
3077
3077
3077
3077
3065
3065
3065
3065
3065
3086
3086
3086
3086
3086
3086
3083
3083
3083
3083
3083
3130
3130
3130
3130
3130
3160
3160
3160
3160
3160
3160
3173
3173
3173
3173
3173
3225
3225
3225
3225
3225
3230
3230
3230
3230
3230
3230
3245
3245
3245
3245
3245
3266
3266
3266
3266
3266
3285
3285
3285
3285
3285
3285
3277
3277
3277
3277
3277
3287
3287
3287
3287
3287
3296
3296
3296
3296
3296
3296
3285
3285
3285
3285
3285
3272
3272
3272
3272
3272
3256
3256
3256
3256
3256
3256
3243
3243
3243
3243
3243
3240
3240
3240
3240
3240
3234
3234
3234
3234
3234
3234
3205
3205
3205
3205
3205
3208
3208
3208
3208
3208
3171
3171
3171
3171
3171
3171
3127
3127
3127
3127
3127
3118
3118
3118
3118
3118
3103
3103
3103
3103
3103
3103
3131
3131
3131
3131
3131
3070
3070
3070
3070
3070
3115
3115
3115
3115
3115
3115
3095
3095
3095
3095
3095
3081
3081
3081
3081
3081
3152
3152
3152
3152
3152
3152
3141
3141
3141
3141
3141
3177
3177
3177
3177
3177
3196
3196
3196
3196
3196
3196
3206
3206
3206
3206
3206
3209
3209
3209
3209
3209
3207
3207
3207
3207
3207
3207
3204
3204
3204
3204
3204
3182
3182
3182
3182
3182
3152
3152
3152
3152
3152
3152
3142
3142
3142
3142
3142
3143
3143
3143
3143
3143
3132
3132
3132
3132
3132
3132
3171
3171
3171
3171
3171
3212
3212
3212
3212
3212
3193
3193
3193
3193
3193
3193
3202
3202
3202
3202
3202
3216
3216
3216
3216
3216
3219
3219
3219
3219
3219
3219
3224
3224
3224
3224
3224
3199
3199
3199
3199
3199
3199
3199
3199
3199
3199
3199
3200
3200
3200
3200
3200
3195
3195
3195
3195
3195
3187
3187
3187
3187
3187
3187
3166
3166
3166
3166
3166
3171
3171
3171
3171
3171
3151
3151
3151
3151
3151
3151
3136
3136
3136
3136
3136
3182
3182
3182
3182
3182
3141
3141
3141
3141
3141
3141
3157
3157
3157
3157
3157
3159
3159
3159
3159
3159
3132
3132
3132
3132
3132
3132
3154
3154
3154
3154
3154
3156
3156
3156
3156
3156
3169
3169
3169
3169
3169
3169
3174
3174
3174
3174
3174
3182
3182
3182
3182
3182
3178
3178
3178
3178
3178
3178
3190
3190
3190
3190
3190
3182
3182
3182
3182
3182
3202
3202
3202
3202
3202
3202
3207
3207
3207
3207
3207
3183
3183
3183
3183
3183
3171
3171
3171
3171
3171
3171
3164
3164
3164
3164
3164
3145
3145
3145
3145
3145
3175
3175
3175
3175
3175
3175
3161
3161
3161
3161
3161
3185
3185
3185
3185
3185
3214
3214
3214
3214
3214
3214
3207
3207
3207
3207
3207
3238
3238
3238
3238
3238
3228
3228
3228
3228
3228
3228
3223
3223
3223
3223
3223
3213
3213
3213
3213
3213
3167
3167
3167
3167
3167
3167
3180
3180
3180
3180
3180
3149
3149
3149
3149
3149
3137
3137
3137
3137
3137
3137
3154
3154
3154
3154
3154
3165
3165
3165
3165
3165
3146
3146
3146
3146
3146
3146
3161
3161
3161
3161
3161
3167
3167
3167
3167
3167
3195
3195
3195
3195
3195
3195
3209
3209
3209
3209
3209
3184
3184
3184
3184
3184
3169
3169
3169
3169
3169
3169
3165
3165
3165
3165
3165
3149
3149
3149
3149
3149
3140
3140
3140
3140
3140
3140
3120
3120
3120
3120
3120
3143
3143
3143
3143
3143
3111
3111
3111
3111
3111
3111
3152
3152
3152
3152
3152
3149
3149
3149
3149
3149
3179
3179
3179
3179
3179
3179
3193
3193
3193
3193
3193
3208
3208
3208
3208
3208
3162
3162
3162
3162
3162
3162
3201
3201
3201
3201
3201
3182
3182
3182
3182
3182
3183
3183
3183
3183
3183
3183
3167
3167
3167
3167
3167
3167
3167
3167
3167
3167
3160
3160
3160
3160
3160
3160
3174
3174
3174
3174
3174
3169
3169
3169
3169
3169
3166
3166
3166
3166
3166
3166
3170
3170
3170
3170
3170
3159
3159
3159
3159
3159
3151
3151
3151
3151
3151
3151
3183
3183
3183
3183
3183
3171
3171
3171
3171
3171
3135
3135
3135
3135
3135
3135
3120
3120
3120
3120
3120
3126
3126
3126
3126
3126
3143
3143
3143
3143
3143
3143
3112
3112
3112
3112
3112
3106
3106
3106
3106
3106
3151
3151
3151
3151
3151
3151
3147
3147
3147
3147
3147
3146
3146
3146
3146
3146
3159
3159
3159
3159
3159
3159
3163
3163
3163
3163
3163
3155
3155
3155
3155
3155
3144
3144
3144
3144
3144
3144
3139
3139
3139
3139
3139
3171
3171
3171
3171
3171
3125
3125
3125
3125
3125
3125
3190
3190
3190
3190
3190
3166
3166
3166
3166
3166
3169
3169
3169
3169
3169
3169
3203
3203
3203
3203
3203
3195
3195
3195
3195
3195
3226
3226
3226
3226
3226
3226
3240
3240
3240
3240
3240
3254
3254
3254
3254
3254
3243
3243
3243
3243
3243
3243
3259
3259
3259
3259
3259
3252
3252
3252
3252
3252
3243
3243
3243
3243
3243
3243
3202
3202
3202
3202
3202
3264
3264
3264
3264
3264
3245
3245
3245
3245
3245
3245
3221
3221
3221
3221
3221
3217
3217
3217
3217
3217
3179
3179
3179
3179
3179
3179
3187
3187
3187
3187
3187
3154
3154
3154
3154
3154
3164
3164
3164
3164
3164
3164
3146
3146
3146
3146
3146
3166
3166
3166
3166
3166
3141
3141
3141
3141
3141
3141
3165
3165
3165
3165
3165
3132
3132
3132
3132
3132
3142
3142
3142
3142
3142
3142
3157
3157
3157
3157
3157
3149
3149
3149
3149
3149
3140
3140
3140
3140
3140
3140
3112
3112
3112
3112
3112
3099
3099
3099
3099
3099
3126
3126
3126
3126
3126
3126
3091
3091
3091
3091
3091
3124
3124
3124
3124
3124
3124
3124
3124
3124
3124
3124
3148
3148
3148
3148
3148
3159
3159
3159
3159
3159
3186
3186
3186
3186
3186
3186
3204
3204
3204
3204
3204
3212
3212
3212
3212
3212
3211
3211
3211
3211
3211
3211
3226
3226
3226
3226
3226
3195
3195
3195
3195
3195
3237
3237
3237
3237
3237
3237
3221
3221
3221
3221
3221
3202
3202
3202
3202
3202
3219
3219
3219
3219
3219
3219
3235
3235
3235
3235
3235
3212
3212
3212
3212
3212
3186
3186
3186
3186
3186
3186
3260
3260
3260
3260
3260
3233
3233
3233
3233
3233
3209
3209
3209
3209
3209
3209
3240
3240
3240
3240
3240
3222
3222
3222
3222
3222
3209
3209
3209
3209
3209
3209
3177
3177
3177
3177
3177
3196
3196
3196
3196
3196
3163
3163
3163
3163
3163
3163
3165
3165
3165
3165
3165
3160
3160
3160
3160
3160
3201
3201
3201
3201
3201
3201
3126
3126
3126
3126
3126
3147
3147
3147
3147
3147
3143
3143
3143
3143
3143
3143
3132
3132
3132
3132
3132
3101
3101
3101
3101
3101
3120
3120
3120
3120
3120
3120
3120
3120
3120
3120
3120
3124
3124
3124
3124
3124
3141
3141
3141
3141
3141
3141
3141
3141
3141
3141
3141
3166
3166
3166
3166
3166
3136
3136
3136
3136
3136
3136
3181
3181
3181
3181
3181
3213
3213
3213
3213
3213
3168
3168
3168
3168
3168
3168
3150
3150
3150
3150
3150
3184
3184
3184
3184
3184
3157
3157
3157
3157
3157
3157
3167
3167
3167
3167
3167
3169
3169
3169
3169
3169
3142
3142
3142
3142
3142
3142
3154
3154
3154
3154
3154
3176
3176
3176
3176
3176
3213
3213
3213
3213
3213
3213
3175
3175
3175
3175
3175
3178
3178
3178
3178
3178
3178
3178
3178
3178
3178
3178
3178
3178
3178
3178
3178
3137
3137
3137
3137
3137
3179
3179
3179
3179
3179
3179
3180
3180
3180
3180
3180
3154
3154
3154
3154
3154
3197
3197
3197
3197
3197
3197
3185
3185
3185
3185
3185
3207
3207
3207
3207
3207
3173
3173
3173
3173
3173
3173
3186
3186
3186
3186
3186
3183
3183
3183
3183
3183
3187
3187
3187
3187
3187
3187
3189
3189
3189
3189
3189
3188
3188
3188
3188
3188
3162
3162
3162
3162
3162
3162
3155
3155
3155
3155
3155
3177
3177
3177
3177
3177
3125
3125
3125
3125
3125
3125
3203
3203
3203
3203
3203
3179
3179
3179
3179
3179
3118
3118
3118
3118
3118
3118
3190
3190
3190
3190
3190
3155
3155
3155
3155
3155
3125
3125
3125
3125
3125
3125
3143
3143
3143
3143
3143
3138
3138
3138
3138
3138
3125
3125
3125
3125
3125
3125
3125
3125
3125
3125
3125
3122
3122
3122
3122
3122
3134
3134
3134
3134
3134
3134
3168
3168
3168
3168
3168
3168
3168
3168
3168
3168
3177
3177
3177
3177
3177
3177
3200
3200
3200
3200
3200
3156
3156
3156
3156
3156
3217
3217
3217
3217
3217
3217
3175
3175
3175
3175
3175
3209
3209
3209
3209
3209
3212
3212
3212
3212
3212
3212
3196
3196
3196
3196
3196
3179
3179
3179
3179
3179
3190
3190
3190
3190
3190
3190
3206
3206
3206
3206
3206
3169
3169
3169
3169
3169
3177
3177
3177
3177
3177
3177
3183
3183
3183
3183
3183
3134
3134
3134
3134
3134
3173
3173
3173
3173
3173
3173
3159
3159
3159
3159
3159
3111
3111
3111
3111
3111
3123
3123
3123
3123
3123
3123
3122
3122
3122
3122
3122
3152
3152
3152
3152
3152
3136
3136
3136
3136
3136
3136
3179
3179
3179
3179
3179
3172
3172
3172
3172
3172
3168
3168
3168
3168
3168
3168
3175
3175
3175
3175
3175
3202
3202
3202
3202
3202
3129
3129
3129
3129
3129
3129
3161
3161
3161
3161
3161
3208
3208
3208
3208
3208
3170
3170
3170
3170
3170
3170
3173
3173
3173
3173
3173
3206
3206
3206
3206
3206
3196
3196
3196
3196
3196
3196
3202
3202
3202
3202
3202
3166
3166
3166
3166
3166
3164
3164
3164
3164
3164
3164
3148
3148
3148
3148
3148
3169
3169
3169
3169
3169
3183
3183
3183
3183
3183
3183
3160
3160
3160
3160
3160
3150
3150
3150
3150
3150
3149
3149
3149
3149
3149
3149
3168
3168
3168
3168
3168
3174
3174
3174
3174
3174
3151
3151
3151
3151
3151
3151
3201
3201
3201
3201
3201
3180
3180
3180
3180
3180
3194
3194
3194
3194
3194
3194
3183
3183
3183
3183
3183
3201
3201
3201
3201
3201
3165
3165
3165
3165
3165
3165
3183
3183
3183
3183
3183
3174
3174
3174
3174
3174
3151
3151
3151
3151
3151
3151
3144
3144
3144
3144
3144
3150
3150
3150
3150
3150
3115
3115
3115
3115
3115
3115
3113
3113
3113
3113
3113
3116
3116
3116
3116
3116
3179
3179
3179
3179
3179
3179
3139
3139
3139
3139
3139
3188
3188
3188
3188
3188
3216
3216
3216
3216
3216
3216
3245
3245
3245
3245
3245
3282
3282
3282
3282
3282
3236
3236
3236
3236
3236
3236
3226
3226
3226
3226
3226
3215
3215
3215
3215
3215
3179
3179
3179
3179
3179
3179
3146
3146
3146
3146
3146
3165
3165
3165
3165
3165
3121
3121
3121
3121
3121
3121
3154
3154
3154
3154
3154
3125
3125
3125
3125
3125
3170
3170
3170
3170
3170
3170
3155
3155
3155
3155
3155
3158
3158
3158
3158
3158
3160
3160
3160
3160
3160
3160
3175
3175
3175
3175
3175
3168
3168
3168
3168
3168
3164
3164
3164
3164
3164
3164
3136
3136
3136
3136
3136
3188
3188
3188
3188
3188
3166
3166
3166
3166
3166
3166
3196
3196
3196
3196
3196
3190
3190
3190
3190
3190
3190
3190
3190
3190
3190
3190
3192
3192
3192
3192
3192
3188
3188
3188
3188
3188
3198
3198
3198
3198
3198
3198
3200
3200
3200
3200
3200
3189
3189
3189
3189
3189
3227
3227
3227
3227
3227
3227
3180
3180
3180
3180
3180
3198
3198
3198
3198
3198
3176
3176
3176
3176
3176
3176
3210
3210
3210
3210
3210
3157
3157
3157
3157
3157
3200
3200
3200
3200
3200
3200
3195
3195
3195
3195
3195
3173
3173
3173
3173
3173
3145
3145
3145
3145
3145
3145
3146
3146
3146
3146
3146
3171
3171
3171
3171
3171
3153
3153
3153
3153
3153
3153
3169
3169
3169
3169
3169
3147
3147
3147
3147
3147
3137
3137
3137
3137
3137
3137
3118
3118
3118
3118
3118
3148
3148
3148
3148
3148
3126
3126
3126
3126
3126
3126
3195
3195
3195
3195
3195
3180
3180
3180
3180
3180
3156
3156
3156
3156
3156
3156
3203
3203
3203
3203
3203
3174
3174
3174
3174
3174
3217
3217
3217
3217
3217
3217
3230
3230
3230
3230
3230
3210
3210
3210
3210
3210
3227
3227
3227
3227
3227
3227
3187
3187
3187
3187
3187
3162
3162
3162
3162
3162
3165
3165
3165
3165
3165
3165
3179
3179
3179
3179
3179
3137
3137
3137
3137
3137
3131
3131
3131
3131
3131
3131
3141
3141
3141
3141
3141
3131
3131
3131
3131
3131
3153
3153
3153
3153
3153
3153
3180
3180
3180
3180
3180
3148
3148
3148
3148
3148
3154
3154
3154
3154
3154
3154
3174
3174
3174
3174
3174
3181
3181
3181
3181
3181
3205
3205
3205
3205
3205
3205
3200
3200
3200
3200
3200
3182
3182
3182
3182
3182
3212
3212
3212
3212
3212
3212
3198
3198
3198
3198
3198
3213
3213
3213
3213
3213
3175
3175
3175
3175
3175
3175
3209
3209
3209
3209
3209
3210
3210
3210
3210
3210
3239
3239
3239
3239
3239
3239
3192
3192
3192
3192
3192
3235
3235
3235
3235
3235
3198
3198
3198
3198
3198
3198
3217
3217
3217
3217
3217
3177
3177
3177
3177
3177
3190
3190
3190
3190
3190
3190
3164
3164
3164
3164
3164
3131
3131
3131
3131
3131
3088
3088
3088
3088
3088
3088
3099
3099
3099
3099
3099
3090
3090
3090
3090
3090
3081
3081
3081
3081
3081
3081
3120
3120
3120
3120
3120
3079
3079
3079
3079
3079
3089
3089
3089
3089
3089
3089
3169
3169
3169
3169
3169
3133
3133
3133
3133
3133
3188
3188
3188
3188
3188
3188
3184
3184
3184
3184
3184
3183
3183
3183
3183
3183
3214
3214
3214
3214
3214
3214
3188
3188
3188
3188
3188
3241
3241
3241
3241
3241
3215
3215
3215
3215
3215
3215
3232
3232
3232
3232
3232
3217
3217
3217
3217
3217
3218
3218
3218
3218
3218
3218
3209
3209
3209
3209
3209
3255
3255
3255
3255
3255
3213
3213
3213
3213
3213
3213
3216
3216
3216
3216
3216
3165
3165
3165
3165
3165
3230
3230
3230
3230
3230
3230
3147
3147
3147
3147
3147
3129
3129
3129
3129
3129
3126
3126
3126
3126
3126
3126
3143
3143
3143
3143
3143
3167
3167
3167
3167
3167
3179
3179
3179
3179
3179
3179
3153
3153
3153
3153
3153
3142
3142
3142
3142
3142
3137
3137
3137
3137
3137
3137
3158
3158
3158
3158
3158
3159
3159
3159
3159
3159
3162
3162
3162
3162
3162
3162
3164
3164
3164
3164
3164
3170
3170
3170
3170
3170
3158
3158
3158
3158
3158
3158
3180
3180
3180
3180
3180
3127
3127
3127
3127
3127
3171
3171
3171
3171
3171
3171
3183
3183
3183
3183
3183
3165
3165
3165
3165
3165
3231
3231
3231
3231
3231
3231
3204
3204
3204
3204
3204
3195
3195
3195
3195
3195
3253
3253
3253
3253
3253
3253
3223
3223
3223
3223
3223
3240
3240
3240
3240
3240
3211
3211
3211
3211
3211
3211
3202
3202
3202
3202
3202
3225
3225
3225
3225
3225
3200
3200
3200
3200
3200
3200
3209
3209
3209
3209
3209
3190
3190
3190
3190
3190
3192
3192
3192
3192
3192
3192
3156
3156
3156
3156
3156
3135
3135
3135
3135
3135
3122
3122
3122
3122
3122
3122
3154
3154
3154
3154
3154
3090
3090
3090
3090
3090
3138
3138
3138
3138
3138
3138
3152
3152
3152
3152
3152
3178
3178
3178
3178
3178
3162
3162
3162