0.0 2.3899218749999998
0.025040555223126277 2.3899218749999998
0.050081110446252554 2.4019921875
0.07512166566937883 2.3899218749999998
0.10016222089250511 2.4019921875
0.12520277611563138 2.3778515625
0.15024333133875767 2.4019921875
0.17528388656188393 2.3899218749999998
0.20032444178501022 2.3899218749999998
0.2253649970081365 2.3899218749999998
0.25040555223126276 2.3899218749999998
0.275446107454389 2.3899218749999998
0.30048666267751534 2.3899218749999998
0.3255272179006416 2.3899218749999998
0.35056777312376786 2.3899218749999998
0.37560832834689417 2.3899218749999998
0.40064888357002043 2.4019921875
0.4256894387931467 2.3899218749999998
0.450729994016273 2.3899218749999998
0.47577054923939927 2.3899218749999998
0.5008111044625255 2.4019921875
0.5258516596856518 2.3899218749999998
0.550892214908778 2.4019921875
0.5759327701319044 2.3899218749999998
0.6009733253550307 2.3899218749999998
0.6260138805781569 2.3778515625
0.6510544358012832 2.4019921875
0.6760949910244095 2.4019921875
0.7011355462475357 2.4019921875
0.726176101470662 2.4019921875
0.7512166566937883 2.4019921875
0.7762572119169145 2.3899218749999998
0.8012977671400409 2.4019921875
0.8263383223631672 2.3899218749999998
0.8513788775862934 2.4019921875
0.8764194328094197 2.4019921875
0.901459988032546 2.4019921875
0.9265005432556722 2.4019921875
0.9515410984787985 2.4019921875
0.9765816537019248 2.4019921875
1.001622208925051 2.4019921875
1.0266627641481774 2.4019921875
1.0517033193713037 2.4019921875
1.07674387459443 2.4019921875
1.101784429817556 2.4019921875
1.1268249850406824 2.4019921875
1.1518655402638087 2.4019921875
1.176906095486935 2.4019921875
1.2019466507100613 2.4019921875
1.2269872059331877 2.4019921875
1.2520277611563138 2.3899218749999998
1.27706831637944 2.4019921875
1.3021088716025664 2.4019921875
1.3271494268256927 2.4019921875
1.352189982048819 2.4019921875
1.3772305372719453 2.4019921875
1.4022710924950714 2.4019921875
1.4273116477181977 2.4019921875
1.452352202941324 2.3899218749999998
1.4773927581644504 2.4019921875
1.5024333133875767 2.4019921875
1.527473868610703 2.3899218749999998
1.552514423833829 2.4019921875
1.5775549790569554 2.3899218749999998
1.6025955342800817 2.4019921875
1.627636089503208 2.3899218749999998
1.6526766447263344 2.4019921875
1.6777171999494604 2.4019921875
1.7027577551725868 2.3899218749999998
1.727798310395713 2.3899218749999998
1.7528388656188394 2.3899218749999998
1.7778794208419657 2.4019921875
1.802919976065092 2.3899218749999998
1.8279605312882181 2.4019921875
1.8530010865113444 2.3899218749999998
1.8780416417344707 2.4019921875
1.903082196957597 2.4019921875
1.9281227521807234 2.4140625
1.9531633074038497 2.4140625
1.9782038626269758 2.4019921875
2.003244417850102 2.4140625
2.0282849730732284 2.4019921875
2.0533255282963547 2.4261328124999997
2.078366083519481 2.4019921875
2.1034066387426074 2.4019921875
2.1284471939657337 2.4019921875
2.15348774918886 2.4140625
2.1785283044119863 2.4140625
2.203568859635112 2.4140625
2.2286094148582385 2.4261328124999997
2.253649970081365 2.4140625
2.278690525304491 2.438203125
2.3037310805276174 2.4261328124999997
2.3287716357507438 2.4261328124999997
2.35381219097387 2.4261328124999997
2.3788527461969964 2.4140625
2.4038933014201227 2.4261328124999997
2.428933856643249 2.438203125
2.4539744118663753 2.438203125
2.479014967089501 2.4261328124999997
2.5040555223126275 2.4502734375
2.529096077535754 2.438203125
2.55413663275888 2.4261328124999997
2.5791771879820065 2.438203125
2.6042177432051328 2.4502734375
2.629258298428259 2.4502734375
2.6542988536513854 2.4502734375
2.6793394088745117 2.4261328124999997
