0.0 2.0157421875
0.025044194103157433 2.0157421875
0.050088388206314866 2.0157421875
0.0751325823094723 2.0157421875
0.10017677641262973 2.0036718749999998
0.12522097051578718 2.0278125
0.1502651646189446 2.0036718749999998
0.17530935872210202 2.0157421875
0.20035355282525946 2.0278125
0.2253977469284169 2.0157421875
0.25044194103157436 2.0157421875
0.27548613513473175 2.0157421875
0.3005303292378892 2.0278125
0.32557452334104664 2.0157421875
0.35061871744420403 2.0157421875
0.3756629115473615 2.0157421875
0.4007071056505189 2.0278125
0.42575129975367637 2.0157421875
0.4507954938568338 2.0157421875
0.4758396879599912 2.0157421875
0.5008838820631487 2.0157421875
0.5259280761663061 2.0157421875
0.5509722702694635 2.0157421875
0.576016464372621 2.0157421875
0.6010606584757784 2.0157421875
0.6261048525789358 2.0157421875
0.6511490466820933 2.0157421875
0.6761932407852507 2.0278125
0.7012374348884081 2.0278125
0.7262816289915656 2.0157421875
0.751325823094723 2.0278125
0.7763700171978805 2.0157421875
0.8014142113010378 2.0278125
0.8264584054041952 2.0278125
0.8515025995073527 2.0157421875
0.8765467936105101 2.0157421875
0.9015909877136676 2.0157421875
0.926635181816825 2.0157421875
0.9516793759199824 2.0278125
0.9767235700231399 2.0278125
1.0017677641262974 2.0157421875
1.0268119582294548 2.0278125
1.0518561523326122 2.0278125
1.0769003464357696 2.0278125
1.101944540538927 2.0278125
1.1269887346420844 2.0398828124999997
1.152032928745242 2.0278125
1.1770771228483994 2.0398828124999997
1.2021213169515568 2.0398828124999997
1.2271655110547142 2.0398828124999997
1.2522097051578716 2.0398828124999997
1.2772538992610292 2.051953125
1.3022980933641866 2.0398828124999997
1.327342287467344 2.051953125
1.3523864815705013 2.051953125
1.3774306756736587 2.0640234375
1.4024748697768161 2.0640234375
1.4275190638799737 2.07609375
1.4525632579831311 2.07609375
1.4776074520862885 2.07609375
1.502651646189446 2.07609375
1.5276958402926033 2.0881640624999998
1.552740034395761 2.0881640624999998
1.5777842284989183 2.100234375
1.6028284226020757 2.100234375
1.627872616705233 2.1123046875
1.6529168108083905 2.1243749999999997
1.677961004911548 2.1364453125
1.7030051990147055 2.1364453125
1.7280493931178629 2.148515625
1.7530935872210203 2.1364453125
1.7781377813241777 2.148515625
1.8031819754273353 2.1605859375
1.8282261695304927 2.1726562499999997
1.85327036363365 2.1847265625
1.8783145577368074 2.196796875
1.9033587518399648 2.2088671875
1.9284029459431222 2.2088671875
1.9534471400462798 2.2209375
1.9784913341494372 2.2209375
2.003535528252595 2.2330078125
2.0285797223557522 2.2330078125
2.0536239164589096 2.2571484374999997
2.078668110562067 2.2571484374999997
2.1037123046652244 2.26921875
2.128756498768382 2.26921875
2.153800692871539 2.3175
2.1788448869746966 2.3175
2.203889081077854 2.3175
2.2289332751810114 2.3175
2.2539774692841688 2.3175
2.2790216633873266 2.3175
2.304065857490484 2.3175
2.3291100515936414 2.3175
2.3541542456967988 2.3175
2.379198439799956 2.3175
2.4042426339031135 2.3175
2.429286828006271 2.3175
2.4543310221094283 2.3295703125
2.4793752162125857 2.3295703125
2.504419410315743 2.3295703125
2.5294636044189005 2.3295703125
2.5545077985220583 2.3416406249999997
2.5795519926252157 2.3416406249999997
2.604596186728373 2.3537109375
2.6296403808315305 2.3537109375
2.654684574934688 2.3537109375
2.6797287690378453 2.36578125
2.7047729631410027 2.36578125
2.72981715724416 2.36578125
2.7548613513473175 2.36578125
2.779905545450475 2.36578125
2.8049497395536322 2.3899218749999998
2.82999393365679 2.3899218749999998
2.8550381277599475 2.3899218749999998
2.880082321863105 2.3899218749999998
2.9051265159662623 2.3899218749999998
2.9301707100694196 2.4019921875
2.955214904172577 2.4140625
2.9802590982757344 2.3899218749999998
3.005303292378892 2.4019921875
3.030347486482049 2.4019921875
3.0553916805852066 2.4019921875
3.0804358746883644 2.4140625
3.105480068791522 2.4019921875
3.130524262894679 2.4261328124999997
3.1555684569978366 2.4140625
3.180612651100994 2.4261328124999997
3.2056568452041514 2.4261328124999997
3.230701039307309 2.4261328124999997
3.255745233410466 2.438203125
3.2807894275136236 2.438203125
3.305833621616781 2.438203125
3.3308778157199384 2.4502734375
3.355922009823096 2.46234375
3.3809662039262536 2.438203125
3.406010398029411 2.438203125
3.4310545921325684 2.4261328124999997
