0.0 2.148515625
0.041538302616406515 2.1605859375
0.08307660523281303 2.1605859375
0.12461490784921955 2.148515625
0.16615321046562606 2.148515625
0.20769151308203257 2.148515625
0.2492298156984391 2.1364453125
0.2907681183148456 2.1243749999999997
0.3323064209312521 2.1364453125
0.37384472354765863 2.1364453125
0.41538302616406514 2.1364453125
0.45692132878047165 2.148515625
0.4984596313968782 2.1605859375
0.5399979340132847 2.1605859375
0.5815362366296912 2.1605859375
0.6230745392460977 2.1847265625
0.6646128418625042 2.1847265625
0.7061511444789108 2.1726562499999997
0.7476894470953173 2.1847265625
0.7892277497117238 2.1847265625
0.8307660523281303 2.1847265625
0.8723043549445368 2.1847265625
0.9138426575609433 2.1726562499999997
0.9553809601773499 2.1847265625
0.9969192627937564 2.1726562499999997
1.0384575654101629 2.1847265625
1.0799958680265693 2.196796875
1.121534170642976 2.1726562499999997
1.1630724732593825 2.1726562499999997
1.204610775875789 2.1847265625
1.2461490784921954 2.1847265625
1.287687381108602 2.1847265625
1.3292256837250085 2.196796875
1.370763986341415 2.2088671875
1.4123022889578216 2.2088671875
1.453840591574228 2.2088671875
1.4953788941906345 2.2209375
1.536917196807041 2.2330078125
1.5784554994234476 2.2330078125
1.619993802039854 2.2571484374999997
1.6615321046562606 2.2571484374999997
1.7030704072726672 2.2571484374999997
1.7446087098890737 2.26921875
1.7861470125054801 2.2812890625
1.8276853151218866 2.293359375
1.8692236177382933 2.293359375
1.9107619203546997 2.293359375
1.9523002229711062 2.3054296874999998
1.9938385255875128 2.3054296874999998
2.035376828203919 2.3054296874999998
2.0769151308203257 2.3295703125
2.1184534334367324 2.3175
2.1599917360531387 2.3295703125
2.2015300386695453 2.3295703125
2.243068341285952 2.3416406249999997
2.2846066439023582 2.3416406249999997
2.326144946518765 2.3537109375
2.3676832491351716 2.3416406249999997
2.409221551751578 2.3537109375
2.4507598543679845 2.3537109375
2.4922981569843907 2.36578125
2.5338364596007974 2.3778515625
2.575374762217204 2.3778515625
2.6169130648336103 2.3778515625
2.658451367450017 2.3899218749999998
2.6999896700664237 2.4019921875
2.74152797268283 2.4140625
2.7830662752992366 2.4019921875
2.8246045779156432 2.4261328124999997
2.8661428805320495 2.4140625
2.907681183148456 2.438203125
2.9492194857648624 2.438203125
2.990757788381269 2.438203125
3.0322960909976757 2.4502734375
3.073834393614082 2.4502734375
3.1153726962304886 2.4502734375
3.1569109988468953 2.46234375
3.1984493014633015 2.46234375
3.239987604079708 2.486484375
3.281525906696115 2.4744140624999997
3.323064209312521 2.4744140624999997
3.364602511928928 2.4744140624999997
3.4061408145453345 2.486484375
3.4476791171617407 2.4744140624999997
3.4892174197781474 2.486484375
3.5307557223945536 2.4985546875
3.5722940250109603 2.4985546875
3.613832327627367 2.4985546875
3.655370630243773 2.4985546875
3.69690893286018 2.4985546875
3.7384472354765865 2.510625
3.7799855380929928 2.510625
3.8215238407093994 2.510625
3.8630621433258057 2.5226953125