0.0 1.8829687499999999
0.02519780939275568 1.8829687499999999
0.05039561878551136 1.8829687499999999
0.07559342817826704 1.8829687499999999
0.10079123757102272 1.8829687499999999
0.1259890469637784 1.8829687499999999
0.1511868563565341 1.8829687499999999
0.17638466574928977 1.8829687499999999
0.20158247514204544 1.8950390625
0.22678028453480112 1.8950390625
0.2519780939275568 1.8829687499999999
0.2771759033203125 1.8829687499999999
0.3023737127130682 1.8829687499999999
0.32757152210582385 1.8950390625
0.35276933149857953 1.8950390625
0.3779671408913352 1.8950390625
0.4031649502840909 1.8829687499999999
0.42836275967684656 1.9071093749999999
0.45356056906960224 1.8950390625
0.4787583784623579 1.9071093749999999
0.5039561878551136 1.8950390625
0.5291539972478693 1.9071093749999999
0.554351806640625 1.9071093749999999
0.5795496160333806 1.9071093749999999
0.6047474254261364 1.8950390625
0.629945234818892 1.8950390625
0.6551430442116477 1.9071093749999999
0.6803408536044033 1.8950390625
0.7055386629971591 1.8950390625
0.7307364723899147 1.9071093749999999
0.7559342817826704 1.9071093749999999
0.781132091175426 1.9071093749999999
0.8063299005681818 1.9191796875
0.8315277099609375 1.9071093749999999
0.8567255193536931 1.9071093749999999
0.8819233287464489 1.8950390625
0.9071211381392045 1.9071093749999999
0.9323189475319602 1.9071093749999999
0.9575167569247158 1.9071093749999999
0.9827145663174716 1.9071093749999999
1.0079123757102273 1.9071093749999999
1.033110185102983 1.9191796875
1.0583079944957385 1.9191796875
1.0835058038884942 1.9191796875
1.10870361328125 1.9191796875
1.1339014226740056 1.9191796875
1.1590992320667612 1.9191796875
1.1842970414595169 1.9191796875
1.2094948508522727 1.9191796875
1.2346926602450283 1.9191796875
1.259890469637784 1.9191796875
1.2850882790305398 1.9191796875
1.3102860884232954 1.9433203124999998
1.335483897816051 1.955390625
1.3606817072088067 1.955390625
1.3858795166015625 1.9674609374999998
1.4110773259943181 1.9674609374999998
1.4362751353870737 1.97953125
1.4614729447798294 1.9916015624999999
1.4866707541725852 1.97953125
1.5118685635653408 1.9916015624999999
1.5370663729580964 1.9916015624999999
1.562264182350852 2.0036718749999998
1.587461991743608 2.0157421875
1.6126598011363635 2.0157421875
1.6378576105291192 2.0157421875
1.663055419921875 2.0157421875
1.6882532293146306 2.0398828124999997
1.7134510387073862 2.0398828124999997
1.7386488481001419 2.051953125
1.7638466574928977 2.0640234375
1.7890444668856533 2.0640234375
1.814242276278409 2.07609375
1.8394400856711646 2.0881640624999998
1.8646378950639204 2.100234375
1.889835704456676 2.1123046875
1.9150335138494317 2.1243749999999997
1.9402313232421873 2.1243749999999997
1.9654291326349431 2.1364453125
1.9906269420276987 2.148515625
2.0158247514204546 2.1605859375
2.04102256081321 2.1847265625
2.066220370205966 2.1847265625
2.0914181795987217 2.196796875
2.116615988991477 2.2088671875
2.141813798384233 2.2209375
2.1670116077769883 2.2330078125
2.192209417169744 2.245078125
2.2174072265625 2.2571484374999997
2.2426050359552554 2.26921875
2.2678028453480112 2.26921875
2.293000654740767 2.3175
2.3181984641335225 2.3175
2.3433962735262783 2.3175
2.3685940829190337 2.3175
2.3937918923117896 2.3175
2.4189897017045454 2.3175
2.444187511097301 2.3175
2.4693853204900567 2.3175
2.4945831298828125 2.3175
2.519780939275568 2.3295703125
2.5449787486683237 2.3295703125
2.5701765580610796 2.3295703125
2.595374367453835 2.3175
2.620572176846591 2.3416406249999997
2.6457699862393462 2.3537109375
2.670967795632102 2.36578125
2.696165605024858 2.3416406249999997
2.7213634144176133 2.3416406249999997
2.746561223810369 2.3537109375
2.771759033203125 2.36578125
2.7969568425958804 2.36578125
2.8221546519886362 2.36578125
2.847352461381392 2.3778515625
2.8725502707741475 2.3537109375
2.8977480801669033 2.36578125
2.9229458895596587 2.3778515625
2.9481436989524146 2.3778515625
2.9733415083451704 2.3778515625
2.998539317737926 2.3778515625
3.0237371271306817 2.3899218749999998
3.0489349365234375 2.3778515625
3.074132745916193 2.3778515625
3.0993305553089487 2.3899218749999998
3.124528364701704 2.3899218749999998
3.14972617409446 2.4019921875
3.174923983487216 2.3899218749999998
3.2001217928799712 2.4019921875
3.225319602272727 2.4019921875
3.250517411665483 2.4019921875
3.2757152210582383 2.4019921875
3.300913030450994 2.4019921875
3.32611083984375 2.4019921875
