0.0 1.713984375
0.024889937818866885 1.713984375
0.04977987563773377 1.713984375
0.07466981345660065 1.713984375
0.09955975127546754 1.7019140625
0.12444968909433443 1.713984375
0.1493396269132013 1.713984375
0.1742295647320682 1.713984375
0.19911950255093508 1.713984375
0.22400944036980197 1.713984375
0.24889937818866886 1.713984375
0.27378931600753575 1.713984375
0.2986792538264026 1.7019140625
0.3235691916452695 1.713984375
0.3484591294641364 1.713984375
0.37334906728300327 1.713984375
0.39823900510187016 1.7019140625
0.42312894292073705 1.7260546875
0.44801888073960394 1.713984375
0.47290881855847083 1.7260546875
0.4977987563773377 1.713984375
0.5226886941962046 1.713984375
0.5475786320150715 1.713984375
0.5724685698339383 1.713984375
0.5973585076528052 1.7260546875
0.6222484454716721 1.713984375
0.647138383290539 1.7260546875
0.6720283211094059 1.713984375
0.6969182589282727 1.713984375
0.7218081967471397 1.713984375
0.7466981345660065 1.713984375
0.7715880723848735 1.713984375
0.7964780102037403 1.7260546875
0.8213679480226072 1.713984375
0.8462578858414741 1.713984375
0.8711478236603409 1.7260546875
0.8960377614792079 1.7260546875
0.9209276992980747 1.7260546875
0.9458176371169417 1.7260546875
0.9707075749358085 1.7260546875
0.9955975127546755 1.7260546875
1.0204874505735422 1.7260546875
1.0453773883924091 1.738125
1.070267326211276 1.7501953124999998
1.095157264030143 1.7501953124999998
1.1200472018490097 1.7501953124999998
1.1449371396678767 1.762265625
1.1698270774867436 1.7743359374999998
1.1947170153056104 1.7743359374999998
1.2196069531244773 1.7984765624999999
1.2444968909433443 1.7984765624999999
1.2693868287622112 1.7984765624999999
1.294276766581078 1.7984765624999999
1.3191667043999449 1.8226171875
1.3440566422188118 1.8226171875
1.3689465800376788 1.8346874999999998
1.3938365178565455 1.8346874999999998
1.4187264556754124 1.8467578125
1.4436163934942794 1.8588281249999998
1.4685063313131461 1.8708984375
1.493396269132013 1.8829687499999999
1.51828620695088 1.8950390625
1.543176144769747 1.8950390625
1.5680660825886137 1.9071093749999999
1.5929560204074806 1.9191796875
1.6178459582263476 1.9191796875
1.6427358960452143 1.9191796875
1.6676258338640813 1.9191796875
1.6925157716829482 1.955390625
1.7174057095018151 1.955390625
1.7422956473206819 1.9674609374999998
1.7671855851395488 1.97953125
1.7920755229584158 1.9674609374999998
1.8169654607772825 1.9916015624999999
1.8418553985961494 2.0157421875
1.8667453364150164 2.0036718749999998
1.8916352742338833 2.0157421875
1.91652521205275 2.0157421875
1.941415149871617 2.0278125
1.966305087690484 2.051953125
1.991195025509351 2.051953125
2.016084963328218 2.0640234375
2.0409749011470844 2.07609375
2.0658648389659513 2.0881640624999998
2.0907547767848182 2.1123046875
2.115644714603685 2.1123046875
2.140534652422552 2.1243749999999997
2.165424590241419 2.148515625
2.190314528060286 2.1364453125
2.2152044658791525 2.1605859375
2.2400944036980195 2.1605859375
2.2649843415168864 2.1726562499999997
2.2898742793357534 2.1847265625
2.3147642171546203 2.196796875
2.3396541549734873 2.2209375
2.3645440927923542 2.2209375
2.3894340306112207 2.2330078125
2.4143239684300877 2.245078125
2.4392139062489546 2.245078125
2.4641038440678216 2.2571484374999997
2.4889937818866885 2.26921875
2.5138837197055555 2.26921875
2.5387736575244224 2.3175
2.5636635953432894 2.3175
2.588553533162156 2.26921875
2.613443470981023 2.3175
2.6383334087998898 2.3175
2.6632233466187567 2.3175
2.6881132844376237 2.3175
2.7130032222564906 2.3175
2.7378931600753575 2.3175
2.762783097894224 2.3175
2.787673035713091 2.3175
2.812562973531958 2.3175
2.837452911350825 2.3175
2.862342849169692 2.3295703125
2.887232786988559 2.3295703125
2.9121227248074257 2.3295703125
2.9370126626262922 2.3416406249999997
2.961902600445159 2.3416406249999997
2.986792538264026 2.3416406249999997
3.011682476082893 2.3537109375
3.03657241390176 2.3537109375
3.061462351720627 2.3537109375
3.086352289539494 2.3416406249999997
3.1112422273583604 2.36578125
3.1361321651772274 2.3537109375
3.1610221029960943 2.3537109375
3.1859120408149613 2.3537109375
3.210801978633828 2.36578125
3.235691916452695 2.36578125
3.260581854271562 2.3899218749999998
3.2854717920904286 2.3899218749999998
3.3103617299092956 2.3778515625
3.3352516677281625 2.3778515625
3.3601416055470295 2.3899218749999998
3.3850315433658964 2.3899218749999998
3.4099214811847633 2.3899218749999998
3.4348114190036303 2.3899218749999998
3.459701356822497 2.4019921875
3.4845912946413637 2.3899218749999998
3.5094812324602307 2.3899218749999998
3.5343711702790976 2.4019921875
3.5592611080979646 2.4019921875
3.5841510459168315 2.4019921875
3.6090409837356985 2.4140625
3.6339309215545654 2.4140625
